0.0 0.0 0.0
0.0 0.0 0.0
0.0 0.0 0.0
0.0 0.0 0.0
0.0 0.0 0.0
0.0 0.0 0.0
0.0 0.0 0.0
0.0 0.0 0.0
0.0 0.0 0.0
0.0 0.0 0.0
0.0 0.0 0.0
0.0 0.0 0.0
0.0 0.0 0.0
0.0 0.0 0.0
0.0 0.0 0.0
0.0 0.0 0.0
0.0 0.0 0.0
0.0 0.0 0.0
0.0 0.0 0.0
0.0 0.0 0.0
0.0 0.0 0.0
0.0 0.0 0.0
0.0 0.0 0.0
0.0 0.0 0.0
0.0 0.0 0.0
0.0 0.0 0.0
0.0 0.0 0.0
0.0 0.0 0.0
0.0 0.0 0.0
0.0 0.0 0.0
0.0 0.0 0.0
0.0 0.0 0.0
0.0 0.0 0.0
0.0 0.0 0.0
0.0 0.0 0.0
0.0 0.0 0.0
0.0 0.0 0.0
0.0 0.0 0.0
0.0 0.0 0.0
0.0 0.0 0.0
0.0 0.0 0.0
0.0 0.0 0.0
0.0 0.0 0.0
0.0 0.0 0.0
0.0 0.0 0.0
0.0 0.0 0.0
0.0 0.0 0.0
0.0 0.0 0.0
0.0 0.0 0.0
0.0 0.0 0.0
0.0 0.0 0.0
0.0 0.0 0.0
0.0 0.0 0.0
0.0 0.0 0.0
0.0 0.0 0.0
0.0 0.0 0.0
0.0 0.0 0.0
0.0 0.0 0.0
0.0 0.0 0.0
0.0 0.0 0.0
0.0 0.0 0.0
0.0 0.0 0.0
0.0 0.0 0.0
0.0 0.0 0.0
0.0 0.0 0.0
0.0 0.0 0.0
0.0 0.0 0.0
0.0 0.0 0.0
0.0 0.0 0.0
0.0 0.0 0.0
0.0 0.0 0.0
0.0 0.0 0.0
0.0 0.0 0.0
0.0 0.0 0.0
0.0 0.0 0.0
0.0 0.0 0.0
0.0 0.0 0.0
0.0 0.0 0.0
0.0 0.0 0.0
0.0 0.0 0.0
0.0 0.0 0.0
0.0 0.0 0.0
0.0 0.0 0.0
0.0 0.0 0.0
0.0 0.0 0.0
0.0 0.0 0.0
0.0 0.0 0.0
0.0 0.0 0.0
0.0 0.0 0.0
0.0 0.0 0.0
0.0 0.0 0.0
0.0 0.0 0.0
0.0 0.0 0.0
0.0 0.0 0.0
0.0 0.0 0.0
0.0 0.0 0.0
0.0 0.0 0.0
0.0 0.0 0.0
0.0 0.0 0.0
0.0 0.0 0.0
0.0 0.0 0.0
0.0 0.0 0.0
0.0 0.0 0.0
0.0 0.0 0.0
0.0 0.0 0.0
0.0 0.0 0.0
0.0 0.0 0.0
0.0 0.0 0.0
0.0 0.0 0.0
0.0 0.0 0.0
0.0 0.0 0.0
0.0 0.0 0.0
0.0 0.0 0.0
0.0 0.0 0.0
0.0 0.0 0.0
0.0 0.0 0.0
0.0 0.0 0.0
0.0 0.0 0.0
0.0 0.0 0.0
0.0 0.0 0.0
0.0 0.0 0.0
0.0 0.0 0.0
0.0 0.0 0.0
0.0 0.0 0.0
0.0 0.0 0.0
0.0 0.0 0.0
0.0 0.0 0.0
0.0 0.0 0.0
0.0 0.0 0.0
0.0 0.0 0.0
0.0 0.0 0.0
0.0 0.0 0.0
0.0 0.0 0.0
0.0 0.0 0.0
0.0 0.0 0.0
0.0 0.0 0.0
0.0 0.0 0.0
0.0 0.0 0.0
0.0 0.0 0.0
0.0 0.0 0.0
0.0 0.0 0.0
0.0 0.0 0.0
0.0 0.0 0.0
0.0 0.0 0.0
0.0 0.0 0.0
0.0 0.0 0.0
0.0 0.0 0.0
0.0 0.0 0.0
0.0 0.0 0.0
0.0 0.0 0.0
0.0 0.0 0.0
0.0 0.0 0.0
0.0 0.0 0.0
0.0 0.0 0.0
0.0 0.0 0.0
0.0 0.0 0.0
0.0 0.0 0.0
0.0 0.0 0.0
0.0 0.0 0.0
0.0 0.0 0.0
0.0 0.0 0.0
0.0 0.0 0.0
0.0 0.0 0.0
0.0 0.0 0.0
0.0 0.0 0.0
0.0 0.0 0.0
0.0 0.0 0.0
0.0 0.0 0.0
0.0 0.0 0.0
0.0 0.0 0.0
0.0 0.0 0.0
0.0 0.0 0.0
0.0 0.0 0.0
0.0 0.0 0.0
0.0 0.0 0.0
0.0 0.0 0.0
0.0 0.0 0.0
0.0 0.0 0.0
0.0 0.0 0.0
0.0 0.0 0.0
0.0 0.0 0.0
0.0 0.0 0.0
0.0 0.0 0.0
0.0 0.0 0.0
0.0 0.0 0.0
0.0 0.0 0.0
0.0 0.0 0.0
0.0 0.0 0.0
0.0 0.0 0.0
0.0 0.0 0.0
0.0 0.0 0.0
0.0 0.0 0.0
0.0 0.0 0.0
0.0 0.0 0.0
0.0 0.0 0.0
0.0 0.0 0.0
0.0 0.0 0.0
0.0 0.0 0.0
0.0 0.0 0.0
0.0 0.0 0.0
0.0 0.0 0.0
0.0 0.0 0.0
0.0 0.0 0.0
0.0 0.0 0.0
0.0 0.0 0.0
0.0 0.0 0.0
0.0 0.0 0.0
0.0 0.0 0.0
0.0 0.0 0.0
0.0 0.0 0.0
0.0 0.0 0.0
0.0 0.0 0.0
0.0 0.0 0.0
0.0 0.0 0.0
0.0 0.0 0.0
0.0 0.0 0.0
0.0 0.0 0.0
0.0 0.0 0.0
0.0 0.0 0.0
0.0 0.0 0.0
0.0 0.0 0.0
0.0 0.0 0.0
0.0 0.0 0.0
0.0 0.0 0.0
0.0 0.0 0.0
0.0 0.0 0.0
0.0 0.0 0.0
0.0 0.0 0.0
0.0 0.0 0.0
0.0 0.0 0.0
0.0 0.0 0.0
0.0 0.0 0.0
0.0 0.0 0.0
0.0 0.0 0.0
0.0 0.0 0.0
0.0 0.0 0.0
0.0 0.0 0.0
0.0 0.0 0.0
0.0 0.0 0.0
0.0 0.0 0.0
0.0 0.0 0.0
0.0 0.0 0.0
0.0 0.0 0.0
0.0 0.0 0.0
0.0 0.0 0.0
0.0 0.0 0.0
0.0 0.0 0.0
0.0 0.0 0.0
0.0 0.0 0.0
0.0 0.0 0.0
0.0 0.0 0.0
0.0 0.0 0.0
0.0 0.0 0.0
0.0 0.0 0.0
0.0 0.0 0.0
0.0 0.0 0.0
0.0 0.0 0.0
0.0 0.0 0.0
0.0 0.0 0.0
0.0 0.0 0.0
0.0 0.0 0.0
0.0 0.0 0.0
0.0 0.0 0.0
0.0 0.0 0.0
0.0 0.0 0.0
0.0 0.0 0.0
0.0 0.0 0.0
0.0 0.0 0.0
0.0 0.0 0.0
0.0 0.0 0.0
0.0 0.0 0.0
0.0 0.0 0.0
0.0 0.0 0.0
0.0 0.0 0.0
0.0 0.0 0.0
0.0 0.0 0.0
0.0 0.0 0.0
0.0 0.0 0.0
0.0 0.0 0.0
0.0 0.0 0.0
0.0 0.0 0.0
0.0 0.0 0.0
0.0 0.0 0.0
0.0 0.0 0.0
0.0 0.0 0.0
0.0 0.0 0.0
0.0 0.0 0.0
0.0 0.0 0.0
0.0 0.0 0.0
0.0 0.0 0.0
0.0 0.0 0.0
0.0 0.0 0.0
0.0 0.0 0.0
0.0 0.0 0.0
0.0 0.0 0.0
0.0 0.0 0.0
0.0 0.0 0.0
0.0 0.0 0.0
0.0 0.0 0.0
0.0 0.0 0.0
0.0 0.0 0.0
0.0 0.0 0.0
0.0 0.0 0.0
0.0 0.0 0.0
0.0 0.0 0.0
0.0 0.0 0.0
0.0 0.0 0.0
0.0 0.0 0.0
0.0 0.0 0.0
0.0 0.0 0.0
0.0 0.0 0.0
0.0 0.0 0.0
0.0 0.0 0.0
0.0 0.0 0.0
0.0 0.0 0.0
0.0 0.0 0.0
0.0 0.0 0.0
0.0 0.0 0.0
0.0 0.0 0.0
0.0 0.0 0.0
0.0 0.0 0.0
0.0 0.0 0.0
0.0 0.0 0.0
0.0 0.0 0.0
0.0 0.0 0.0
0.0 0.0 0.0
0.0 0.0 0.0
0.0 0.0 0.0
0.0 0.0 0.0
0.0 0.0 0.0
0.0 0.0 0.0
0.0 0.0 0.0
0.0 0.0 0.0
0.0 0.0 0.0
0.0 0.0 0.0
0.0 0.0 0.0
0.0 0.0 0.0
0.0 0.0 0.0
0.0 0.0 0.0
0.0 0.0 0.0
0.0 0.0 0.0
0.0 0.0 0.0
0.0 0.0 0.0
0.0 0.0 0.0
0.0 0.0 0.0
0.0 0.0 0.0
0.0 0.0 0.0
0.0 0.0 0.0
0.0 0.0 0.0
0.0 0.0 0.0
0.0 0.0 0.0
0.0 0.0 0.0
0.0 0.0 0.0
0.0 0.0 0.0
0.0 0.0 0.0
0.0 0.0 0.0
0.0 0.0 0.0
0.0 0.0 0.0
0.0 0.0 0.0
0.0 0.0 0.0
0.0 0.0 0.0
0.0 0.0 0.0
0.0 0.0 0.0
0.0 0.0 0.0
0.0 0.0 0.0
0.0 0.0 0.0
0.0 0.0 0.0
0.0 0.0 0.0
0.0 0.0 0.0
0.0 0.0 0.0
0.0 0.0 0.0
0.0 0.0 0.0
0.0 0.0 0.0
0.0 0.0 0.0
0.0 0.0 0.0
0.0 0.0 0.0
0.0 0.0 0.0
0.0 0.0 0.0
0.0 0.0 0.0
0.0 0.0 0.0
0.0 0.0 0.0
0.0 0.0 0.0
0.0 0.0 0.0
0.0 0.0 0.0
0.0 0.0 0.0
0.0 0.0 0.0
0.0 0.0 0.0
0.0 0.0 0.0
0.0 0.0 0.0
0.0 0.0 0.0
0.0 0.0 0.0
0.0 0.0 0.0
0.0 0.0 0.0
0.0 0.0 0.0
0.0 0.0 0.0
0.0 0.0 0.0
0.0 0.0 0.0
0.0 0.0 0.0
0.0 0.0 0.0
0.0 0.0 0.0
0.0 0.0 0.0
0.0 0.0 0.0
0.0 0.0 0.0
0.0 0.0 0.0
0.0 0.0 0.0
0.0 0.0 0.0
0.0 0.0 0.0
0.0 0.0 0.0
0.0 0.0 0.0
0.0 0.0 0.0
0.0 0.0 0.0
0.0 0.0 0.0
0.0 0.0 0.0
0.0 0.0 0.0
0.0 0.0 0.0
0.0 0.0 0.0
0.0 0.0 0.0
0.0 0.0 0.0
0.0 0.0 0.0
0.0 0.0 0.0
0.0 0.0 0.0
0.0 0.0 0.0
0.0 0.0 0.0
0.0 0.0 0.0
0.0 0.0 0.0
0.0 0.0 0.03
0.0 0.0 0.16
0.0 0.0 0.47
0.0 0.0 1.0
0.0 0.0 1.74
0.0 0.0 2.68
0.0 0.0 3.79
0.0 0.0 5.06
0.0 0.0 6.47
0.0 0.0 8.0
0.0 0.0 9.64
0.0 0.0 11.36
0.0 0.0 13.17
0.0 0.0 15.04
0.0 0.0 16.96
0.0 0.0 18.93
0.0 0.0 20.92
0.0 0.0 22.93
0.0 0.0 24.95
0.0 0.0 26.96
0.0 0.0 28.97
0.0 0.0 30.97
0.0 0.0 32.95
0.0 0.0 34.9
0.0 0.0 36.82
0.0 0.0 38.71
0.0 0.0 40.56
0.0 0.0 42.36
0.0 0.0 44.12
0.0 0.0 45.83
0.0 0.0 47.49
0.0 0.0 49.1
0.0 0.0 50.64
0.0 0.0 52.14
0.0 0.0 53.58
0.0 0.05 54.96
0.0 0.22 56.28
0.0 0.6 57.54
0.0 1.2 58.75
0.0 2.0 59.9
0.0 2.98 60.99
0.0 4.14 62.02
0.0 5.45 63.0
0.0 6.9 63.93
0.0 8.46 64.8
0.0 10.13 65.62
0.0 11.88 66.4
0.0 13.7 67.12
0.0 15.58 67.8
0.0 17.52 68.43
0.0 19.49 69.01
0.0 21.49 69.56
0.0 23.5 70.06
0.0 25.51 70.52
0.0 27.53 70.94
0.02 29.55 71.33
0.11 31.54 71.68
0.38 33.51 72.0
0.86 35.46 72.28
1.56 37.37 72.54
2.46 39.24 72.77
3.55 41.07 72.97
4.8 42.85 73.14
6.2 44.59 73.3
7.73 46.28 73.43
9.37 47.91 73.53
11.11 49.49 73.62
12.93 51.02 73.69
14.82 52.49 73.75
16.76 53.9 73.78
18.75 55.26 73.8
20.76 56.56 73.81
22.8 57.79 73.8
24.85 58.97 73.79
26.91 60.1 73.76
28.96 61.17 73.73
31.01 62.18 73.68
33.04 63.13 73.63
35.04 64.04 73.58
37.01 64.89 73.51
38.95 65.68 73.44
40.85 66.43 73.37
42.7 67.13 73.29
44.52 67.79 73.21
46.28 68.4 73.12
47.99 68.96 73.04
49.65 69.49 72.95
51.25 69.97 72.87
52.8 70.42 72.78
54.29 70.83 72.69
55.72 71.21 72.61
57.09 71.55 72.52
58.4 71.86 72.43
59.66 72.14 72.35
60.86 72.38 72.27
61.99 72.59 72.19
63.07 72.78 72.11
64.09 72.95 72.03
65.05 73.1 71.96
65.96 73.22 71.89
66.82 73.33 71.82
67.62 73.41 71.76
68.38 73.47 71.69
69.09 73.52 71.62
69.75 73.55 71.56
70.37 73.57 71.49
70.94 73.58 71.43
71.47 73.57 71.37
71.96 73.56 71.31
72.4 73.53 71.26
72.81 73.49 71.21
73.18 73.45 71.16
73.51 73.39 71.11
73.82 73.33 71.07
74.1 73.26 71.03
74.35 73.19 71.0
74.56 73.11 70.96
74.76 73.02 70.93
74.92 72.93 70.89
75.06 72.84 70.86
75.17 72.74 70.83
75.27 72.65 70.8
75.35 72.55 70.78
75.41 72.46 70.76
75.45 72.36 70.74
75.48 72.25 70.72
75.5 72.16 70.7
75.5 72.06 70.69
75.48 71.97 70.68
75.46 71.88 70.67
75.43 71.78 70.66
75.39 71.69 70.65
75.34 71.61 70.64
75.29 71.52 70.64
75.23 71.44 70.64
75.17 71.36 70.64
75.1 71.29 70.63
75.03 71.23 70.64
74.96 71.17 70.64
74.87 71.11 70.64
74.79 71.05 70.64
74.7 70.99 70.64
74.61 70.94 70.65
74.53 70.89 70.65
74.44 70.85 70.66
74.36 70.8 70.66
74.27 70.76 70.67
74.19 70.72 70.67
74.11 70.69 70.68
74.03 70.65 70.68
73.95 70.62 70.69
73.87 70.59 70.7
73.8 70.57 70.71
73.73 70.54 70.72
73.65 70.52 70.72
73.57 70.49 70.73
73.5 70.47 70.73
73.43 70.45 70.74
73.36 70.43 70.74
73.29 70.42 70.74
73.23 70.4 70.75
73.17 70.39 70.75
73.1 70.38 70.75
73.05 70.37 70.76
72.99 70.35 70.76
72.94 70.34 70.76
72.89 70.33 70.76
72.84 70.31 70.76
72.8 70.3 70.76
72.76 70.29 70.76
72.72 70.29 70.77
72.69 70.28 70.77
72.65 70.26 70.78
72.62 70.26 70.78
72.59 70.25 70.78
72.56 70.24 70.78
72.53 70.24 70.79
72.5 70.24 70.8
72.48 70.24 70.8
72.46 70.24 70.81
72.44 70.24 70.81
72.42 70.25 70.82
72.4 70.25 70.82
72.39 70.26 70.83
72.38 70.27 70.83
72.37 70.28 70.84
72.36 70.29 70.84
72.35 70.3 70.84
72.34 70.31 70.84
72.34 70.32 70.84
72.33 70.33 70.84
72.33 70.33 70.84
72.32 70.34 70.84
72.32 70.35 70.84
72.32 70.35 70.85
72.32 70.35 70.85
72.32 70.35 70.85
72.32 70.35 70.85
72.32 70.36 70.85
72.33 70.36 70.85
72.33 70.36 70.85
72.34 70.35 70.85
72.34 70.35 70.85
72.33 70.34 70.84
72.33 70.34 70.84
72.34 70.34 70.84
72.34 70.33 70.84
72.34 70.33 70.84
72.35 70.32 70.83
72.36 70.32 70.83
72.36 70.31 70.83
72.37 70.31 70.83
72.38 70.31 70.83
72.38 70.3 70.83
72.39 70.29 70.83
72.4 70.29 70.83
72.4 70.29 70.83
72.41 70.28 70.83
72.41 70.28 70.83
72.41 70.28 70.83
72.42 70.28 70.83
72.42 70.29 70.83
72.43 70.29 70.83
72.43 70.3 70.84
72.44 70.31 70.84
72.45 70.31 70.85
72.45 70.32 70.85
72.46 70.33 70.85
72.47 70.33 70.85
72.48 70.34 70.85
72.49 70.35 70.85
72.5 70.36 70.85
72.51 70.36 70.84
72.52 70.37 70.84
72.52 70.37 70.83
72.53 70.38 70.83
72.54 70.38 70.83
72.55 70.38 70.82
72.55 70.39 70.82
72.56 70.39 70.82
72.56 70.38 70.82
72.55 70.38 70.82
72.55 70.38 70.81
72.54 70.37 70.81
72.54 70.37 70.81
72.54 70.37 70.81
72.53 70.36 70.8
72.53 70.36 70.8
72.53 70.36 70.8
72.53 70.35 70.8
72.53 70.35 70.8
72.53 70.35 70.79
72.52 70.34 70.79
72.52 70.34 70.79
72.52 70.33 70.79
72.51 70.32 70.79
72.51 70.32 70.79
72.51 70.31 70.79
72.51 70.31 70.8
72.51 70.3 70.8
72.51 70.29 70.8
72.51 70.29 70.8
72.51 70.28 70.8
72.52 70.28 70.8
72.52 70.27 70.8
72.53 70.27 70.8
72.53 70.27 70.8
72.54 70.27 70.8
72.54 70.27 70.8
72.55 70.27 70.79
72.55 70.28 70.79
72.56 70.28 70.79
72.56 70.28 70.79
72.57 70.28 70.79
72.57 70.27 70.79
72.58 70.27 70.79
72.58 70.26 70.79
72.59 70.26 70.78
72.59 70.26 70.78
72.6 70.26 70.79
72.61 70.26 70.79
72.61 70.26 70.8
72.61 70.25 70.79
72.6 70.25 70.79
72.6 70.25 70.79
72.6 70.24 70.79
72.59 70.24 70.79
72.59 70.24 70.79
72.59 70.23 70.79
72.59 70.23 70.79
72.59 70.23 70.79
72.59 70.23 70.79
72.59 70.23 70.79
72.59 70.22 70.79
72.59 70.22 70.79
72.6 70.22 70.78
72.6 70.22 70.78
72.6 70.22 70.78
72.6 70.21 70.78
72.6 70.21 70.78
72.6 70.21 70.79
72.6 70.22 70.79
72.6 70.22 70.79
72.59 70.22 70.8
72.59 70.23 70.8
72.59 70.24 70.8
72.58 70.25 70.8
72.58 70.26 70.81
72.58 70.28 70.81
72.58 70.29 70.81
72.58 70.31 70.81
72.58 70.32 70.82
72.58 70.34 70.82
72.58 70.35 70.83
72.58 70.37 70.83
72.57 70.38 70.83
72.57 70.39 70.83
72.57 70.4 70.83
72.57 70.41 70.83
72.57 70.42 70.83
72.57 70.43 70.84
72.56 70.44 70.84
72.56 70.44 70.84
72.56 70.45 70.84
72.56 70.45 70.84
72.56 70.45 70.84
72.56 70.45 70.84
72.56 70.45 70.84
72.56 70.44 70.83
72.56 70.44 70.83
72.56 70.44 70.83
72.56 70.43 70.83
72.57 70.43 70.83
72.57 70.43 70.83
72.57 70.42 70.82
72.58 70.41 70.82
72.58 70.4 70.82
72.59 70.4 70.82
72.59 70.39 70.82
72.59 70.39 70.82
72.59 70.38 70.82
72.59 70.37 70.82
72.59 70.37 70.82
72.59 70.36 70.82
72.59 70.36 70.82
72.59 70.35 70.82
72.59 70.35 70.83
72.59 70.36 70.83
72.59 70.36 70.83
72.59 70.36 70.83
72.59 70.36 70.84
72.59 70.36 70.84
72.59 70.37 70.84
72.59 70.37 70.84
72.59 70.38 70.84
72.6 70.39 70.85
72.6 70.39 70.85
72.6 70.4 70.85
72.6 70.4 70.86
72.6 70.4 70.86
72.6 70.41 70.86
72.61 70.41 70.86
72.61 70.41 70.86
72.61 70.41 70.85
72.61 70.41 70.85
72.61 70.41 70.84
72.61 70.41 70.84
72.61 70.4 70.83
72.61 70.4 70.83
72.61 70.4 70.83
72.61 70.39 70.82
72.61 70.38 70.82
72.61 70.38 70.81
72.61 70.37 70.81
72.61 70.37 70.8
72.61 70.36 70.8
72.61 70.35 70.8
72.61 70.35 70.8
72.61 70.34 70.8
72.6 70.33 70.8
72.6 70.33 70.8
72.59 70.32 70.8
72.58 70.32 70.8
72.57 70.31 70.8
72.56 70.3 70.8
72.56 70.3 70.81
72.56 70.29 70.81
72.55 70.29 70.81
72.56 70.28 70.82
72.56 70.28 70.83
72.56 70.27 70.83
72.57 70.27 70.83
72.57 70.27 70.83
72.58 70.27 70.84
72.58 70.27 70.84
72.58 70.28 70.85
72.58 70.28 70.85
72.58 70.29 70.86
72.58 70.3 70.86
72.58 70.3 70.86
72.58 70.31 70.87
72.58 70.32 70.87
72.58 70.33 70.87
72.58 70.34 70.87
72.58 70.35 70.88
72.58 70.35 70.88
72.58 70.36 70.88
72.58 70.36 70.88
72.59 70.37 70.89
72.59 70.37 70.89
72.58 70.37 70.89
72.58 70.37 70.88
72.58 70.37 70.88
72.59 70.37 70.88
72.59 70.36 70.88
72.59 70.36 70.88
72.59 70.36 70.88
72.59 70.36 70.88
72.59 70.36 70.87
72.59 70.35 70.87
72.59 70.34 70.87
72.59 70.34 70.87
72.59 70.33 70.87
72.6 70.33 70.87
72.6 70.33 70.87
72.6 70.32 70.86
72.6 70.31 70.86
72.61 70.31 70.86
72.61 70.3 70.86
72.61 70.3 70.86
72.62 70.3 70.86
72.62 70.29 70.87
72.63 70.28 70.87
72.63 70.28 70.87
72.63 70.27 70.88
72.64 70.27 70.88
72.64 70.27 70.88
72.64 70.27 70.88
72.64 70.28 70.89
72.64 70.28 70.89
72.64 70.29 70.9
72.64 70.29 70.9
72.64 70.29 70.89
72.64 70.3 70.89
72.64 70.31 70.89
72.64 70.31 70.89
72.64 70.31 70.89
72.65 70.32 70.9
72.65 70.33 70.9
72.65 70.33 70.9
72.65 70.34 70.9
72.66 70.35 70.9
72.66 70.35 70.89
72.66 70.36 70.89
72.66 70.37 70.89
72.66 70.37 70.88
72.67 70.38 70.88
72.67 70.38 70.88
72.67 70.39 70.87
72.67 70.39 70.87
72.67 70.4 70.87
72.68 70.4 70.87
72.68 70.4 70.86
72.68 70.41 70.87
72.68 70.41 70.87
72.69 70.41 70.86
72.69 70.41 70.86
72.69 70.4 70.86
72.69 70.4 70.86
72.69 70.4 70.86
72.7 70.41 70.86
72.7 70.41 70.86
72.7 70.42 70.85
72.7 70.42 70.85
72.7 70.42 70.85
72.7 70.43 70.84
72.71 70.43 70.84
72.71 70.43 70.84
72.71 70.44 70.84
72.71 70.44 70.84
72.71 70.45 70.85
72.71 70.46 70.85
72.71 70.46 70.85
72.71 70.47 70.85
72.71 70.47 70.85
72.71 70.47 70.85
72.71 70.47 70.85
72.71 70.47 70.85
72.71 70.48 70.86
72.7 70.48 70.86
72.7 70.48 70.86
72.7 70.48 70.86
72.69 70.48 70.86
72.68 70.48 70.86
72.68 70.48 70.86
72.67 70.47 70.86
72.67 70.47 70.86
72.66 70.47 70.86
72.66 70.46 70.86
72.66 70.46 70.86
72.66 70.45 70.86
72.65 70.44 70.86
72.65 70.43 70.86
72.65 70.43 70.86
72.65 70.42 70.86
72.65 70.42 70.86
72.65 70.42 70.86
72.65 70.42 70.86
72.65 70.42 70.86
72.65 70.42 70.86
72.65 70.42 70.86
72.65 70.42 70.86
72.65 70.42 70.86
72.65 70.42 70.86
72.65 70.42 70.86
72.66 70.42 70.86
72.66 70.42 70.86
72.66 70.43 70.86
72.66 70.43 70.86
72.66 70.44 70.86
72.67 70.45 70.86
72.67 70.45 70.86
72.67 70.46 70.87
72.67 70.47 70.87
72.68 70.48 70.87
72.68 70.49 70.87
72.68 70.5 70.87
72.68 70.5 70.87
72.68 70.51 70.87
72.69 70.51 70.87
72.69 70.52 70.87
72.69 70.53 70.87
72.69 70.53 70.87
72.69 70.54 70.87
72.7 70.54 70.87
72.7 70.54 70.87
72.7 70.54 70.87
72.7 70.54 70.87
72.7 70.54 70.87
72.7 70.54 70.87
72.69 70.53 70.86
72.69 70.53 70.86
72.69 70.52 70.86
72.69 70.51 70.86
72.69 70.49 70.86
72.69 70.48 70.86
72.69 70.47 70.86
72.68 70.46 70.86
72.68 70.45 70.86
72.68 70.44 70.86
72.69 70.43 70.86
72.69 70.42 70.87
72.69 70.42 70.87
72.69 70.42 70.87
72.69 70.41 70.87
72.69 70.41 70.87
72.69 70.41 70.87
72.69 70.41 70.87
72.69 70.41 70.87
72.68 70.42 70.87
72.68 70.42 70.87
72.68 70.42 70.88
72.67 70.43 70.88
72.67 70.44 70.88
72.67 70.45 70.88
72.67 70.45 70.88
72.67 70.46 70.89
72.68 70.48 70.89
72.68 70.49 70.9
72.68 70.49 70.89
72.67 70.5 70.89
72.67 70.5 70.89
72.66 70.5 70.89
72.66 70.51 70.89
72.65 70.51 70.89
72.65 70.52 70.89
72.64 70.52 70.9
72.64 70.53 70.9
72.64 70.53 70.9
72.64 70.53 70.9
72.63 70.53 70.9
72.63 70.53 70.89
72.63 70.53 70.89
72.63 70.52 70.89
72.63 70.51 70.88
72.63 70.51 70.88
72.63 70.5 70.88
72.63 70.5 70.88
72.64 70.49 70.88
72.64 70.48 70.88
72.64 70.47 70.88
72.64 70.46 70.88
72.64 70.45 70.88
72.65 70.44 70.88
72.65 70.43 70.88
72.65 70.42 70.88
72.65 70.41 70.88
72.66 70.4 70.88
72.66 70.39 70.88
72.66 70.39 70.88
72.66 70.39 70.89
72.67 70.39 70.89
72.67 70.39 70.9
72.67 70.39 70.9
72.67 70.39 70.9
72.68 70.39 70.9
72.67 70.4 70.9
72.67 70.4 70.91
72.67 70.41 70.91
72.67 70.42 70.91
72.67 70.43 70.91
72.67 70.44 70.91
72.66 70.45 70.91
72.66 70.46 70.92
72.66 70.47 70.92
72.65 70.48 70.92
72.65 70.48 70.92
72.64 70.49 70.92
72.64 70.49 70.92
72.64 70.49 70.92
72.63 70.49 70.92
72.63 70.49 70.92
72.62 70.49 70.92
72.62 70.49 70.92
72.61 70.48 70.92
72.61 70.47 70.92
72.62 70.47 70.92
72.62 70.46 70.91
72.62 70.46 70.91
72.62 70.45 70.91
72.62 70.44 70.91
72.62 70.44 70.9
72.62 70.43 70.9
72.62 70.42 70.9
72.62 70.42 70.9
72.62 70.42 70.9
72.62 70.42 70.9
72.63 70.42 70.9
72.64 70.42 70.9
72.65 70.42 70.9
72.65 70.42 70.9
72.66 70.43 70.9
72.65 70.43 70.9
72.65 70.43 70.9
72.65 70.44 70.91
72.65 70.45 70.91
72.66 70.46 70.9
72.66 70.46 70.9
72.66 70.47 70.91
72.67 70.49 70.91
72.67 70.5 70.92
72.68 70.51 70.92
72.68 70.52 70.92
72.68 70.53 70.92
72.68 70.54 70.92
72.68 70.55 70.92
72.68 70.56 70.92
72.68 70.57 70.92
72.68 70.57 70.91
72.68 70.58 70.91
72.68 70.58 70.91
72.68 70.58 70.91
72.69 70.59 70.91
72.69 70.59 70.91
72.69 70.59 70.91
72.69 70.6 70.9
72.69 70.6 70.9
72.69 70.6 70.9
72.69 70.6 70.9
72.7 70.6 70.89
72.7 70.6 70.89
72.7 70.6 70.89
72.7 70.59 70.89
72.7 70.59 70.89
72.7 70.58 70.89
72.7 70.58 70.88
72.71 70.58 70.88
72.71 70.57 70.88
72.71 70.57 70.88
72.71 70.57 70.88
72.71 70.57 70.87
72.71 70.57 70.87
72.71 70.57 70.86
72.71 70.57 70.86
72.72 70.57 70.86
72.72 70.57 70.86
72.72 70.57 70.86
72.72 70.58 70.86
72.72 70.58 70.86
72.72 70.58 70.86
72.72 70.59 70.86
72.72 70.6 70.86
72.72 70.6 70.86
72.72 70.61 70.86
72.72 70.62 70.87
72.72 70.63 70.87
72.72 70.63 70.88
72.72 70.64 70.88
72.72 70.64 70.88
72.72 70.64 70.88
72.71 70.65 70.88
72.71 70.65 70.88
72.7 70.64 70.88
72.7 70.64 70.88
72.69 70.64 70.88
72.68 70.64 70.88
72.68 70.64 70.87
72.67 70.64 70.87
72.67 70.64 70.87
72.66 70.64 70.87
72.66 70.63 70.87
72.65 70.62 70.87
72.65 70.62 70.87
72.65 70.61 70.87
72.65 70.6 70.86
72.65 70.59 70.86
72.64 70.58 70.86
72.64 70.57 70.86
72.64 70.56 70.86
72.64 70.55 70.86
72.64 70.53 70.87
72.65 70.52 70.87
72.65 70.51 70.87
72.65 70.5 70.87
72.65 70.49 70.87
72.65 70.49 70.87
72.65 70.48 70.87
72.65 70.48 70.88
72.66 70.48 70.88
72.66 70.48 70.88
72.65 70.47 70.87
72.58 70.4 70.8
72.35 70.17 70.56
71.9 69.71 70.09
71.21 69.03 69.4
70.32 68.15 68.51
69.23 67.09 67.44
67.98 65.86 66.2
66.58 64.49 64.82
65.04 62.99 63.31
63.39 61.39 61.69
61.64 59.68 59.97
59.81 57.9 58.17
57.9 56.05 56.31
55.94 54.14 54.39
53.93 52.19 52.43
51.89 50.21 50.44
49.83 48.21 48.43
47.76 46.2 46.4
45.68 44.18 44.37
43.6 42.17 42.35
41.54 40.17 40.34
39.5 38.18 38.34
37.48 36.23 36.38
35.49 34.3 34.44
33.53 32.4 32.53
31.62 30.55 30.67
29.74 28.74 28.85
27.92 26.97 27.07
26.14 25.25 25.34
24.42 23.58 23.67
22.75 21.96 22.04
21.14 20.4 20.47
19.58 18.9 18.96
18.08 17.45 17.51
16.65 16.06 16.11
15.27 14.72 14.77
13.95 13.45 13.49
12.69 12.23 12.26
11.49 11.07 11.1
10.34 9.96 9.99
9.26 8.91 8.94
8.23 7.92 7.94
7.26 6.98 7.0
6.35 6.1 6.11
5.48 5.27 5.27
4.67 4.48 4.49
