
0.0 0.0 0.0
0.0 0.0 0.0
0.0 0.0 0.0
0.0 0.0 0.0
0.0 0.0 0.0
0.0 0.0 0.0
0.0 0.0 0.0
0.0 0.0 0.0
0.0 0.0 0.0
0.0 0.0 0.0
0.0 0.0 0.0
0.0 0.0 0.0
0.0 0.0 0.0
0.0 0.0 0.0
0.0 0.0 0.0
0.0 0.0 0.0
0.0 0.0 0.0
0.0 0.0 0.0
0.0 0.0 0.0
0.0 0.0 0.0
0.0 0.0 0.0
0.0 0.0 0.0
0.0 0.0 0.0
0.0 0.0 0.0
0.0 0.0 0.0
0.0 0.0 0.0
0.0 0.0 0.0
0.0 0.0 0.0
0.0 0.0 0.0
0.0 0.0 0.0
0.0 0.0 0.0
0.0 0.0 0.0
0.0 0.0 0.0
0.0 0.0 0.0
0.0 0.0 0.0
0.0 0.0 0.0
0.0 0.0 0.0
0.0 0.0 0.0
0.0 0.0 0.0
0.0 0.0 0.0
0.0 0.0 0.0
0.0 0.0 0.0
0.0 0.0 0.0
0.0 0.0 0.0
0.0 0.0 0.0
0.0 0.0 0.0
0.0 0.0 0.0
0.0 0.0 0.0
0.0 0.0 0.0
0.0 0.0 0.0
0.0 0.0 0.0
0.0 0.0 0.0
0.0 0.0 0.0
0.0 0.0 0.0
0.0 0.0 0.0
0.0 0.0 0.0
0.0 0.0 0.0
0.0 0.0 0.0
0.0 0.0 0.0
0.0 0.0 0.0
0.0 0.0 0.0
0.0 0.0 0.0
0.0 0.0 0.0
0.0 0.0 0.0
0.0 0.0 0.0
0.0 0.0 0.0
0.0 0.0 0.0
0.0 0.0 0.0
0.0 0.0 0.0
0.0 0.0 0.0
0.0 0.0 0.0
0.0 0.0 0.0
0.0 0.0 0.0
0.0 0.0 0.0
0.0 0.0 0.0
0.0 0.0 0.0
0.0 0.0 0.0
0.0 0.0 0.0
0.0 0.0 0.0
0.0 0.0 0.0
0.0 0.0 0.0
0.0 0.0 0.0
0.0 0.0 0.0
0.0 0.0 0.0
0.0 0.0 0.0
0.0 0.0 0.0
0.0 0.0 0.0
0.0 0.0 0.0
0.0 0.0 0.0
0.0 0.0 0.0
0.0 0.0 0.0
0.0 0.0 0.0
0.0 0.0 0.0
0.0 0.0 0.0
0.0 0.0 0.0
0.0 0.0 0.0
0.0 0.0 0.0
0.0 0.0 0.0
0.0 0.0 0.0
0.0 0.0 0.0
0.0 0.0 0.0
0.0 0.0 0.0
0.0 0.0 0.0
0.0 0.0 0.0
0.0 0.0 0.0
0.0 0.0 0.0
0.0 0.0 0.0
0.0 0.0 0.0
0.0 0.0 0.0
0.0 0.0 0.0
0.0 0.0 0.0
0.0 0.0 0.0
0.0 0.0 0.0
0.0 0.0 0.0
0.0 0.0 0.0
0.0 0.0 0.0
0.0 0.0 0.0
0.0 0.0 0.0
0.0 0.0 0.0
0.0 0.0 0.0
0.0 0.0 0.0
0.0 0.0 0.0
0.0 0.0 0.0
0.0 0.0 0.0
0.0 0.0 0.0
0.0 0.0 0.0
0.0 0.0 0.0
0.0 0.0 0.0
0.0 0.0 0.0
0.0 0.0 0.0
0.0 0.0 0.0
0.0 0.0 0.0
0.0 0.0 0.0
0.0 0.0 0.0
0.0 0.0 0.0
0.0 0.0 0.0
0.0 0.0 0.0
0.0 0.0 0.0
0.0 0.0 0.0
0.0 0.0 0.0
0.0 0.0 0.0
0.0 0.0 0.0
0.0 0.0 0.0
0.0 0.0 0.0
0.0 0.0 0.0
0.0 0.0 0.0
0.0 0.0 0.0
0.0 0.0 0.0
0.0 0.0 0.0
0.0 0.0 0.0
0.0 0.0 0.0
0.0 0.0 0.0
0.0 0.0 0.0
0.0 0.0 0.0
0.0 0.0 0.0
0.0 0.0 0.0
0.0 0.0 0.0
0.0 0.0 0.0
0.0 0.0 0.0
0.0 0.0 0.0
0.0 0.0 0.0
0.0 0.0 0.0
0.0 0.0 0.0
0.0 0.0 0.0
0.0 0.0 0.0
0.0 0.0 0.0
0.0 0.0 0.0
0.0 0.0 0.0
0.0 0.0 0.0
0.0 0.0 0.0
0.0 0.0 0.0
0.0 0.0 0.0
0.0 0.0 0.0
0.0 0.0 0.0
0.0 0.0 0.0
0.0 0.0 0.0
0.0 0.0 0.0
0.0 0.0 0.0
0.0 0.0 0.0
0.0 0.0 0.0
0.0 0.0 0.0
0.0 0.0 0.0
0.0 0.0 0.0
0.0 0.0 0.0
3.03 0.0 0.0
39.39 0.0 0.0
60.61 0.0 0.0
69.7 0.0 0.0
72.73 0.0 0.0
72.73 0.0 0.0
72.73 0.0 0.0
72.73 0.0 0.0
72.73 0.0 0.0
72.73 0.0 0.0
72.73 0.0 0.0
72.73 0.0 0.0
72.73 0.0 0.0
75.76 0.0 0.0
72.73 0.0 0.0
74.24 0.0 0.0
74.24 0.0 0.0
72.73 0.0 0.0
72.73 0.0 0.0
72.73 0.0 0.0
75.76 0.0 0.0
72.73 0.0 0.0
75.76 0.0 0.0
72.73 0.0 0.0
75.76 0.0 0.0
72.73 0.0 0.0
75.76 0.0 0.0
72.73 0.0 0.0
74.24 0.0 0.0
74.24 0.0 0.0
75.76 0.0 0.0
72.73 0.0 0.0
72.73 0.0 0.0
75.76 0.0 0.0
72.73 0.0 0.0
74.24 0.0 0.0
74.24 0.0 0.0
74.24 0.0 0.0
74.24 0.0 0.0
72.73 0.0 0.0
75.76 0.0 0.0
72.73 0.0 0.0
75.76 0.0 0.0
74.24 0.0 0.0
72.73 0.0 0.0
74.24 0.0 0.0
74.24 0.0 0.0
74.24 0.0 0.0
72.73 0.0 0.0
75.76 0.0 0.0
72.73 0.0 0.0
75.76 0.0 0.0
72.73 0.0 0.0
74.24 0.0 0.0
72.73 0.0 0.0
75.76 0.0 0.0
72.73 0.0 0.0
72.73 0.0 0.0
75.76 0.0 0.0
72.73 0.0 0.0
75.76 0.0 0.0
72.73 0.0 0.0
75.76 0.0 0.0
72.73 0.0 0.0
74.24 0.0 0.0
74.24 0.0 0.0
72.73 0.0 0.0
75.76 0.0 0.0
72.73 0.0 0.0
75.76 0.0 0.0
72.73 0.0 0.0
75.76 0.0 0.0
72.73 0.0 0.0
74.24 0.0 0.0
74.24 0.0 0.0
72.73 0.0 0.0
75.76 0.0 0.0
72.73 0.0 0.0
75.76 0.0 0.0
72.73 0.0 0.0
75.76 0.0 0.0
72.73 0.0 0.0
74.24 0.0 0.0
74.24 0.0 0.0
72.73 0.0 0.0
75.76 0.0 0.0
72.73 0.0 0.0
75.76 0.0 0.0
72.73 0.0 0.0
74.24 0.0 0.0
72.73 0.0 0.0
74.24 0.0 0.0
74.24 0.0 0.0
72.73 0.0 0.0
75.76 0.0 0.0
72.73 0.0 0.0
75.76 0.0 0.0
72.73 0.0 0.0
75.76 0.0 0.0
72.73 0.0 0.0
74.24 0.0 0.0
74.24 0.0 0.0
72.73 0.0 0.0
74.24 0.0 0.0
72.73 0.0 0.0
75.76 0.0 0.0
72.73 0.0 0.0
75.76 0.0 0.0
72.73 0.0 0.0
74.24 0.0 0.0
74.24 0.0 0.0
72.73 0.0 0.0
75.76 0.0 0.0
72.73 0.0 0.0
75.76 0.0 0.0
72.73 0.0 0.0
74.24 0.0 0.0
74.24 0.0 0.0
74.24 0.0 0.0
74.24 0.0 0.0
72.73 0.0 0.0
75.76 0.0 0.0
72.73 0.0 0.0
75.76 0.0 0.0
72.73 0.0 0.0
75.76 0.0 0.0
72.73 0.0 0.0
74.24 0.0 0.0
74.24 0.0 0.0
72.73 0.0 0.0
75.76 0.0 0.0
72.73 0.0 0.0
75.76 0.0 0.0
72.73 0.0 0.0
75.76 0.0 0.0
72.73 0.0 0.0
74.24 0.0 0.0
74.24 0.0 0.0
74.24 0.0 0.0
74.24 0.0 0.0
72.73 0.0 0.0
75.76 0.0 0.0
72.73 0.0 0.0
75.76 0.0 0.0
72.73 0.0 0.0
74.24 0.0 0.0
74.24 0.0 0.0
72.73 0.0 0.0
75.76 0.0 0.0
72.73 0.0 0.0
75.76 0.0 0.0
72.73 0.0 0.0
74.24 0.0 0.0
74.24 0.0 0.0
75.76 0.0 0.0
72.73 0.0 0.0
72.73 0.0 0.0
75.76 0.0 0.0
78.79 0.0 0.0
69.7 0.0 0.0
72.73 0.0 0.0
74.24 0.0 0.0
74.24 0.0 0.0
74.24 0.0 0.0
74.24 0.0 0.0
72.73 0.0 0.0
75.76 0.0 0.0
72.73 0.0 0.0
77.27 0.0 0.0
71.21 0.0 0.0
75.76 0.0 0.0
72.73 0.0 0.0
74.24 0.0 0.0
74.24 0.0 0.0
74.24 0.0 0.0
74.24 0.0 0.0
72.73 0.0 0.0
75.76 0.0 0.0
72.73 0.0 0.0
75.76 0.0 0.0
74.24 0.0 0.0
72.73 0.0 0.0
74.24 0.0 0.0
72.73 0.0 0.0
75.76 0.0 0.0
72.73 0.0 0.0
75.76 0.0 0.0
72.73 0.0 0.0
75.76 0.0 0.0
72.73 0.0 0.0
74.24 0.0 0.0
74.24 0.0 0.0
72.73 0.0 0.0
75.76 0.0 0.0
72.73 0.0 0.0
75.76 0.0 0.0
72.73 0.0 0.0
74.24 0.0 0.0
74.24 0.0 0.0
74.24 0.0 0.0
74.24 0.0 0.0
72.73 0.0 0.0
75.76 0.0 0.0
72.73 0.0 0.0
75.76 0.0 0.0
74.24 0.0 0.0
74.24 0.0 0.0
74.24 0.0 0.0
72.73 0.0 0.0
74.24 0.0 0.0
72.73 0.0 0.0
75.76 0.0 0.0
72.73 0.0 0.0
75.76 0.0 0.0
72.73 0.0 0.0
75.76 0.0 0.0
72.73 0.0 0.0
74.24 0.0 0.0
74.24 0.0 0.0
74.24 0.0 0.0
74.24 0.0 0.0
72.73 0.0 0.0
75.76 0.0 0.0
72.73 0.0 0.0
75.76 0.0 0.0
72.73 0.0 0.0
74.24 0.0 0.0
74.24 0.0 0.0
72.73 0.0 0.0
75.76 0.0 0.0
75.76 0.0 0.0
72.73 0.0 0.0
72.73 0.0 0.0
74.24 0.0 0.0
74.24 0.0 0.0
75.76 0.0 0.0
72.73 0.0 0.0
72.73 0.0 0.0
75.76 0.0 0.0
72.73 0.0 0.0
75.76 0.0 0.0
72.73 0.0 0.0
74.24 0.0 0.0
74.24 0.0 0.0
74.24 0.0 0.0
74.24 0.0 0.0
72.73 0.0 0.0
75.76 0.0 0.0
72.73 0.0 0.0
75.76 0.0 0.0
72.73 0.0 0.0
75.76 0.0 0.0
72.73 0.0 0.0
74.24 0.0 0.0
74.24 0.0 0.0
75.76 0.0 0.0
72.73 0.0 0.0
72.73 0.0 0.0
75.76 0.0 0.0
72.73 0.0 0.0
75.76 0.0 0.0
72.73 0.0 0.0
74.24 0.0 0.0
74.24 0.0 0.0
72.73 0.0 0.0
75.76 0.0 0.0
72.73 0.0 0.0
75.76 0.0 0.0
72.73 0.0 0.0
75.76 0.0 0.0
72.73 0.0 0.0
75.76 0.0 0.0
72.73 0.0 0.0
72.73 0.0 0.0
75.76 0.0 0.0
72.73 0.0 0.0
75.76 12.12 0.0
72.73 51.52 0.0
74.24 65.15 0.0
74.24 68.18 0.0
75.76 72.73 0.0
72.73 69.7 0.0
72.73 69.7 0.0
75.76 72.73 0.0
72.73 69.7 0.0
75.76 72.73 0.0
77.27 72.73 0.0
71.21 68.18 0.0
72.73 71.21 0.0
74.24 71.21 0.0
74.24 71.21 0.0
72.73 71.21 0.0
75.76 69.7 0.0
72.73 71.21 0.0
75.76 71.21 0.0
72.73 71.21 0.0
75.76 71.21 0.0
72.73 71.21 0.0
74.24 72.73 0.0
74.24 71.21 0.0
72.73 71.21 0.0
74.24 69.7 0.0
75.76 72.73 0.0
72.73 71.21 0.0
72.73 71.21 0.0
75.76 71.21 0.0
72.73 71.21 0.0
74.24 71.21 0.0
74.24 71.21 0.0
72.73 71.21 0.0
75.76 71.21 0.0
72.73 71.21 0.0
75.76 71.21 0.0
72.73 71.21 0.0
74.24 71.21 0.0
74.24 71.21 0.0
74.24 71.21 0.0
74.24 69.7 0.0
72.73 72.73 0.0
75.76 69.7 0.0
72.73 71.21 0.0
75.76 72.73 0.0
72.73 69.7 0.0
74.24 71.21 0.0
74.24 71.21 0.0
74.24 71.21 0.0
74.24 69.7 0.0
75.76 74.24 0.0
72.73 68.18 0.0
72.73 71.21 0.0
75.76 71.21 0.0
72.73 71.21 0.0
75.76 71.21 0.0
72.73 71.21 0.0
74.24 71.21 0.0
74.24 71.21 0.0
72.73 71.21 0.0
75.76 71.21 0.0
72.73 71.21 4.55
75.76 69.7 45.45
72.73 71.21 63.64
75.76 71.21 69.7
72.73 72.73 69.7
74.24 69.7 71.21
74.24 72.73 71.21
72.73 71.21 71.21
75.76 71.21 71.21
72.73 71.21 71.21
75.76 71.21 71.21
72.73 71.21 71.21
75.76 71.21 71.21
72.73 71.21 71.21
74.24 71.21 71.21
74.24 71.21 71.21
72.73 71.21 71.21
75.76 71.21 72.73
72.73 71.21 69.7
75.76 69.7 71.21
72.73 72.73 71.21
74.24 69.7 69.7
74.24 72.73 72.73
74.24 69.7 69.7
74.24 71.21 71.21
72.73 71.21 71.21
75.76 71.21 71.21
72.73 71.21 71.21
75.76 69.7 71.21
72.73 72.73 71.21
75.76 69.7 72.73
72.73 71.21 69.7
74.24 71.21 72.73
74.24 71.21 69.7
72.73 71.21 72.73
75.76 69.7 69.7
72.73 72.73 71.21
75.76 69.7 71.21
72.73 72.73 71.21
75.76 69.7 71.21
72.73 72.73 72.73
74.24 69.7 69.7
74.24 72.73 72.73
74.24 69.7 69.7
74.24 72.73 72.73
72.73 69.7 69.7
75.76 72.73 72.73
72.73 69.7 69.7
74.24 72.73 72.73
72.73 69.7 69.7
74.24 72.73 72.73
74.24 71.21 71.21
72.73 71.21 71.21
75.76 71.21 69.7
72.73 71.21 72.73
75.76 71.21 69.7
72.73 71.21 72.73
74.24 71.21 71.21
74.24 71.21 71.21
74.24 69.7 72.73
74.24 71.21 69.7
72.73 71.21 71.21
75.76 71.21 71.21
72.73 71.21 71.21
75.76 71.21 71.21
72.73 71.21 71.21
74.24 71.21 71.21
75.76 71.21 72.73
72.73 71.21 69.7
74.24 71.21 69.7
72.73 69.7 72.73
75.76 72.73 71.21
72.73 69.7 71.21
75.76 71.21 71.21
72.73 71.21 71.21
75.76 69.7 71.21
72.73 71.21 71.21
74.24 71.21 72.73
74.24 71.21 69.7
72.73 71.21 71.21
75.76 71.21 71.21
72.73 71.21 72.73
75.76 71.21 71.21
72.73 71.21 71.21
75.76 69.7 71.21
72.73 72.73 71.21
74.24 71.21 71.21
74.24 71.21 71.21
74.24 71.21 72.73
74.24 71.21 69.7
72.73 69.7 72.73
75.76 72.73 69.7
74.24 72.73 72.73
74.24 69.7 69.7
72.73 69.7 72.73
74.24 72.73 69.7
74.24 71.21 72.73
72.73 71.21 69.7
75.76 71.21 72.73
72.73 71.21 69.7
75.76 71.21 72.73
72.73 71.21 69.7
74.24 71.21 72.73
72.73 69.7 69.7
74.24 71.21 72.73
74.24 71.21 69.7
72.73 71.21 72.73
75.76 71.21 69.7
72.73 71.21 72.73
75.76 69.7 69.7
72.73 72.73 72.73
74.24 69.7 69.7
74.24 72.73 72.73
72.73 69.7 69.7
74.24 71.21 72.73
72.73 71.21 71.21
75.76 69.7 71.21
75.76 72.73 72.73
72.73 69.7 69.7
72.73 71.21 72.73
75.76 71.21 69.7
72.73 71.21 72.73
74.24 71.21 69.7
74.24 71.21 72.73
74.24 71.21 69.7
74.24 71.21 72.73
72.73 71.21 71.21
75.76 71.21 71.21
72.73 71.21 71.21
74.24 71.21 71.21
74.24 71.21 72.73
74.24 71.21 69.7
74.24 71.21 72.73
72.73 71.21 71.21
74.24 71.21 71.21
72.73 71.21 69.7
75.76 71.21 72.73
72.73 71.21 71.21
74.24 71.21 71.21
74.24 72.73 71.21
74.24 69.7 71.21
74.24 72.73 71.21
75.76 71.21 71.21
72.73 71.21 71.21
72.73 69.7 71.21
75.76 72.73 72.73
72.73 69.7 69.7
74.24 71.21 71.21
74.24 71.21 71.21
74.24 71.21 71.21
74.24 71.21 71.21
72.73 69.7 71.21
75.76 72.73 71.21
72.73 69.7 71.21
75.76 71.21 71.21
72.73 71.21 71.21
75.76 69.7 71.21
72.73 72.73 72.73
74.24 69.7 69.7
74.24 72.73 72.73
72.73 69.7 69.7
75.76 74.24 75.76
72.73 68.18 68.18
75.76 71.21 71.21
72.73 71.21 72.73
75.76 69.7 69.7
72.73 72.73 72.73
75.76 71.21 72.73
72.73 71.21 69.7
72.73 69.7 71.21
75.76 72.73 71.21
72.73 69.7 72.73
75.76 72.73 69.7
72.73 69.7 72.73
75.76 72.73 69.7
72.73 69.7 72.73
74.24 72.73 69.7
74.24 71.21 71.21
72.73 71.21 71.21
75.76 71.21 71.21
72.73 71.21 71.21
75.76 71.21 71.21
72.73 71.21 71.21
74.24 69.7 71.21
74.24 72.73 71.21
74.24 69.7 71.21
74.24 72.73 71.21
72.73 69.7 71.21
75.76 71.21 72.73
72.73 71.21 69.7
75.76 71.21 71.21
72.73 71.21 71.21
75.76 71.21 72.73
72.73 71.21 69.7
74.24 72.73 72.73
74.24 68.18 69.7
72.73 71.21 71.21
75.76 71.21 69.7
72.73 71.21 72.73
75.76 69.7 69.7
72.73 71.21 72.73
75.76 71.21 69.7
72.73 71.21 72.73
74.24 71.21 69.7
74.24 71.21 72.73
72.73 71.21 72.73
74.24 69.7 69.7
72.73 72.73 72.73
75.76 69.7 69.7
72.73 71.21 72.73
75.76 71.21 71.21
72.73 71.21 71.21
74.24 71.21 71.21
74.24 71.21 71.21
75.76 74.24 72.73
72.73 69.7 69.7
72.73 69.7 72.73
75.76 72.73 72.73
72.73 69.7 69.7
74.24 72.73 71.21
74.24 69.7 71.21
74.24 72.73 71.21
74.24 71.21 71.21
72.73 71.21 72.73
75.76 71.21 69.7
72.73 71.21 72.73
75.76 71.21 69.7
72.73 71.21 72.73
74.24 71.21 69.7
74.24 71.21 72.73
74.24 71.21 69.7
74.24 71.21 72.73
72.73 71.21 69.7
75.76 71.21 72.73
72.73 71.21 71.21
75.76 72.73 72.73
72.73 69.7 69.7
75.76 71.21 71.21
72.73 71.21 71.21
74.24 71.21 71.21
74.24 69.7 72.73
72.73 71.21 69.7
75.76 72.73 72.73
72.73 69.7 69.7
75.76 71.21 72.73
72.73 71.21 72.73
75.76 71.21 69.7
72.73 72.73 72.73
74.24 69.7 69.7
74.24 71.21 72.73
72.73 71.21 71.21
75.76 71.21 71.21
72.73 71.21 71.21
75.76 71.21 71.21
72.73 71.21 71.21
75.76 72.73 71.21
72.73 69.7 72.73
74.24 72.73 69.7
74.24 69.7 72.73
72.73 72.73 69.7
75.76 71.21 72.73
72.73 71.21 71.21
75.76 71.21 71.21
72.73 71.21 71.21
74.24 72.73 71.21
74.24 69.7 71.21
74.24 72.73 71.21
74.24 71.21 72.73
72.73 71.21 69.7
75.76 69.7 71.21
72.73 71.21 71.21
75.76 71.21 72.73
72.73 71.21 69.7
74.24 71.21 72.73
74.24 71.21 69.7
74.24 71.21 72.73
74.24 71.21 69.7
72.73 71.21 72.73
75.76 71.21 69.7
72.73 71.21 72.73
75.76 71.21 69.7
72.73 71.21 72.73
75.76 69.7 69.7
72.73 72.73 72.73
74.24 69.7 71.21
74.24 71.21 71.21
72.73 71.21 69.7
75.76 72.73 72.73
72.73 69.7 71.21
75.76 72.73 71.21
72.73 69.7 72.73
75.76 72.73 69.7
74.24 71.21 72.73
72.73 71.21 71.21
74.24 69.7 71.21
72.73 72.73 71.21
75.76 69.7 71.21
72.73 72.73 71.21
75.76 69.7 71.21
72.73 72.73 71.21
74.24 71.21 71.21
74.24 71.21 71.21
74.24 72.73 71.21
74.24 69.7 72.73
72.73 72.73 69.7
75.76 71.21 72.73
72.73 71.21 69.7
75.76 71.21 72.73
72.73 71.21 69.7
74.24 71.21 72.73
74.24 71.21 69.7
74.24 72.73 72.73
74.24 69.7 69.7
72.73 72.73 72.73
75.76 69.7 69.7
72.73 71.21 72.73
75.76 71.21 69.7
74.24 72.73 72.73
74.24 69.7 69.7
72.73 72.73 72.73
74.24 69.7 71.21
74.24 71.21 71.21
74.24 71.21 71.21
74.24 71.21 71.21
72.73 71.21 71.21
75.76 71.21 71.21
72.73 71.21 72.73
75.76 71.21 69.7
72.73 71.21 72.73
74.24 71.21 69.7
74.24 71.21 72.73
72.73 69.7 69.7
75.76 72.73 72.73
72.73 69.7 71.21
75.76 72.73 71.21
72.73 71.21 71.21
75.76 71.21 71.21
72.73 72.73 71.21
74.24 69.7 71.21
74.24 72.73 71.21
72.73 71.21 69.7
75.76 71.21 71.21
74.24 72.73 69.7
72.73 69.7 71.21
72.73 72.73 69.7
74.24 69.7 72.73
74.24 72.73 69.7
74.24 71.21 72.73
74.24 71.21 69.7
72.73 71.21 72.73
75.76 71.21 69.7
72.73 72.73 72.73
75.76 69.7 71.21
72.73 71.21 71.21
75.76 71.21 69.7
72.73 72.73 72.73
74.24 69.7 69.7
74.24 72.73 72.73
72.73 69.7 69.7
74.24 72.73 72.73
72.73 69.7 69.7
75.76 72.73 72.73
72.73 71.21 69.7
75.76 71.21 72.73
72.73 69.7 69.7
74.24 72.73 72.73
74.24 69.7 71.21
75.76 72.73 71.21
72.73 69.7 71.21
72.73 72.73 71.21
75.76 69.7 71.21
72.73 72.73 71.21
75.76 69.7 71.21
75.76 72.73 74.24
71.21 68.18 69.7
74.24 72.73 69.7
72.73 69.7 72.73
75.76 72.73 69.7
72.73 71.21 72.73
75.76 71.21 71.21
72.73 71.21 71.21
74.24 71.21 71.21
74.24 72.73 71.21
74.24 71.21 71.21
74.24 71.21 71.21
72.73 71.21 71.21
75.76 71.21 71.21
72.73 72.73 69.7
75.76 69.7 72.73
72.73 72.73 72.73
74.24 71.21 69.7
74.24 71.21 71.21
75.76 72.73 71.21
72.73 69.7 71.21
72.73 72.73 71.21
75.76 69.7 71.21
72.73 71.21 71.21
75.76 71.21 71.21
72.73 71.21 71.21
75.76 71.21 71.21
72.73 71.21 71.21
74.24 71.21 69.7
74.24 71.21 72.73
74.24 71.21 69.7
74.24 71.21 72.73
72.73 71.21 69.7
75.76 71.21 72.73
72.73 71.21 72.73
75.76 71.21 69.7
74.24 71.21 72.73
72.73 71.21 69.7
74.24 71.21 71.21
72.73 71.21 71.21
75.76 71.21 71.21
72.73 69.7 71.21
75.76 72.73 72.73
72.73 69.7 69.7
77.27 74.24 75.76
71.21 68.18 69.7
74.24 72.73 69.7
74.24 71.21 72.73
72.73 71.21 69.7
75.76 72.73 72.73
72.73 69.7 69.7
75.76 72.73 72.73
72.73 71.21 71.21
74.24 71.21 71.21
74.24 71.21 69.7
74.24 71.21 72.73
74.24 72.73 71.21
72.73 71.21 71.21
75.76 71.21 72.73
72.73 71.21 69.7
75.76 71.21 72.73
72.73 71.21 69.7
75.76 71.21 72.73
72.73 71.21 69.7
74.24 71.21 72.73
74.24 72.73 71.21
72.73 69.7 71.21
75.76 72.73 71.21
72.73 69.7 71.21
75.76 72.73 72.73
72.73 69.7 69.7
75.76 71.21 69.7
72.73 71.21 72.73
74.24 71.21 71.21
74.24 71.21 71.21
72.73 71.21 71.21
75.76 71.21 71.21
72.73 72.73 72.73
72.73 69.7 69.7
72.73 71.21 72.73
75.76 71.21 69.7
72.73 71.21 72.73
74.24 71.21 69.7
74.24 69.7 72.73
72.73 72.73 69.7
75.76 69.7 72.73
72.73 71.21 69.7
75.76 69.7 72.73
72.73 72.73 72.73
74.24 69.7 69.7
74.24 72.73 72.73
74.24 69.7 69.7
74.24 72.73 72.73
72.73 71.21 71.21
75.76 72.73 71.21
72.73 71.21 71.21
75.76 71.21 71.21
75.76 74.24 74.24
72.73 68.18 68.18
72.73 71.21 71.21
74.24 71.21 71.21
74.24 71.21 72.73
72.73 72.73 69.7
75.76 69.7 72.73
72.73 72.73 69.7
75.76 69.7 72.73
72.73 72.73 71.21
74.24 71.21 71.21
74.24 71.21 71.21
74.24 69.7 71.21
74.24 72.73 71.21
72.73 71.21 71.21
75.76 71.21 71.21
72.73 69.7 71.21
75.76 72.73 71.21
72.73 69.7 71.21
74.24 72.73 72.73
72.73 69.7 69.7
74.24 71.21 72.73
74.24 72.73 72.73
72.73 69.7 69.7
75.76 71.21 72.73
72.73 71.21 69.7
75.76 71.21 72.73
72.73 71.21 69.7
74.24 71.21 72.73
74.24 71.21 71.21
74.24 71.21 71.21
74.24 72.73 72.73
72.73 69.7 69.7
75.76 71.21 72.73
72.73 71.21 69.7
75.76 71.21 72.73
72.73 71.21 71.21
74.24 71.21 71.21
74.24 71.21 71.21
74.24 72.73 71.21
74.24 71.21 72.73
72.73 71.21 69.7
75.76 71.21 72.73
72.73 71.21 69.7
75.76 71.21 72.73
72.73 71.21 69.7
74.24 72.73 72.73
75.76 72.73 72.73
72.73 69.7 69.7
74.24 69.7 71.21
72.73 72.73 71.21
75.76 71.21 72.73
72.73 71.21 69.7
75.76 71.21 72.73
72.73 71.21 69.7
75.76 72.73 72.73
72.73 69.7 69.7
74.24 71.21 72.73
74.24 71.21 69.7
72.73 72.73 72.73
75.76 69.7 69.7
72.73 71.21 72.73
75.76 71.21 72.73
66.67 71.21 69.7
54.55 71.21 72.73
54.55 71.21 69.7
51.52 71.21 72.73
51.52 71.21 71.21
53.03 71.21 71.21
51.52 71.21 71.21
51.52 71.21 71.21
53.03 71.21 71.21
53.03 74.24 74.24
50.0 68.18 69.7
51.52 71.21 69.7
51.52 71.21 72.73
51.52 71.21 72.73
51.52 72.73 69.7
51.52 69.7 72.73
51.52 72.73 69.7
51.52 71.21 72.73
51.52 71.21 69.7
51.52 72.73 72.73
51.52 71.21 69.7
51.52 71.21 72.73
51.52 71.21 69.7
51.52 71.21 72.73
51.52 72.73 69.7
50.0 69.7 72.73
53.03 72.73 72.73
50.0 63.64 69.7
50.0 56.06 72.73
51.52 51.52 69.7
51.52 50.0 72.73
51.52 51.52 69.7
51.52 50.0 72.73
51.52 50.0 71.21
53.03 51.52 71.21
51.52 50.0 69.7
53.03 50.0 72.73
50.0 51.52 69.7
51.52 48.48 72.73
53.03 51.52 69.7
51.52 50.0 72.73
51.52 50.0 71.21
51.52 51.52 71.21
51.52 50.0 72.73
51.52 50.0 69.7
51.52 50.0 72.73
53.03 50.0 69.7
51.52 51.52 72.73
53.03 48.48 71.21
51.52 51.52 71.21
51.52 50.0 66.67
51.52 50.0 54.55
51.52 51.52 51.52
53.03 50.0 51.52
53.03 50.0 51.52
51.52 50.0 50.0
51.52 50.0 50.0
51.52 51.52 51.52
51.52 50.0 48.48
53.03 50.0 51.52
50.0 50.0 51.52
53.03 51.52 48.48
53.03 50.0 51.52
51.52 51.52 50.0
51.52 48.48 50.0
53.03 54.55 53.03
50.0 46.97 46.97
51.52 50.0 51.52
51.52 51.52 51.52
51.52 50.0 48.48
51.52 51.52 51.52
53.03 50.0 50.0
51.52 51.52 50.0
51.52 50.0 51.52
51.52 50.0 50.0
51.52 51.52 50.0
50.0 50.0 51.52
51.52 50.0 48.48
51.52 51.52 51.52
53.03 51.52 51.52
51.52 50.0 50.0
53.03 50.0 50.0
50.0 51.52 50.0
51.52 50.0 50.0
53.03 51.52 51.52
50.0 50.0 48.48
50.0 50.0 51.52
51.52 50.0 50.0
51.52 51.52 50.0
53.03 50.0 51.52
51.52 50.0 50.0
51.52 51.52 50.0
51.52 50.0 51.52
51.52 50.0 50.0
51.52 50.0 50.0
51.52 51.52 51.52
54.55 53.03 51.52
48.48 46.97 48.48
53.03 50.0 51.52
53.03 50.0 48.48
51.52 50.0 51.52
51.52 51.52 50.0
51.52 50.0 50.0
51.52 50.0 51.52
51.52 51.52 50.0
53.03 48.48 50.0
53.03 51.52 51.52
51.52 50.0 48.48
51.52 50.0 51.52
51.52 51.52 51.52
51.52 48.48 48.48
51.52 51.52 51.52
53.03 50.0 50.0
51.52 50.0 50.0
53.03 50.0 51.52
51.52 50.0 50.0
51.52 50.0 50.0
51.52 50.0 51.52
51.52 50.0 48.48
53.03 51.52 51.52
51.52 48.48 50.0
51.52 51.52 50.0
51.52 50.0 51.52
51.52 50.0 48.48
51.52 51.52 51.52
51.52 50.0 51.52
51.52 50.0 48.48
51.52 51.52 51.52
51.52 50.0 50.0
51.52 50.0 50.0
51.52 51.52 51.52
51.52 50.0 50.0
51.52 50.0 50.0
51.52 51.52 51.52
53.03 51.52 51.52
50.0 48.48 48.48
51.52 51.52 51.52
51.52 51.52 48.48
51.52 50.0 51.52
51.52 50.0 51.52
53.03 51.52 48.48
51.52 50.0 51.52
51.52 50.0 50.0
51.52 51.52 50.0
50.0 50.0 50.0
53.03 50.0 50.0
51.52 51.52 51.52
53.03 50.0 50.0
51.52 50.0 50.0
51.52 51.52 51.52
51.52 50.0 48.48
51.52 50.0 51.52
51.52 51.52 50.0
51.52 50.0 50.0
51.52 50.0 51.52
51.52 50.0 51.52
53.03 50.0 48.48
51.52 51.52 51.52
53.03 48.48 50.0
51.52 51.52 50.0
51.52 50.0 51.52
51.52 50.0 50.0
51.52 51.52 50.0
51.52 50.0 51.52
53.03 50.0 48.48
53.03 50.0 51.52
51.52 50.0 51.52
51.52 50.0 48.48
51.52 50.0 51.52
51.52 50.0 51.52
51.52 50.0 50.0
53.03 50.0 50.0
51.52 51.52 51.52
53.03 50.0 50.0
51.52 50.0 50.0
51.52 50.0 51.52
51.52 50.0 50.0
51.52 51.52 50.0
53.03 50.0 51.52
50.0 50.0 48.48
53.03 50.0 51.52
51.52 50.0 50.0
53.03 50.0 50.0
51.52 50.0 51.52
51.52 51.52 51.52
51.52 50.0 48.48
51.52 48.48 51.52
51.52 51.52 50.0
51.52 50.0 50.0
51.52 50.0 51.52
51.52 51.52 50.0
51.52 50.0 50.0
51.52 50.0 51.52
54.55 54.55 51.52
48.48 48.48 48.48
51.52 48.48 51.52
51.52 51.52 50.0
53.03 51.52 50.0
50.0 50.0 51.52
51.52 50.0 50.0
51.52 51.52 50.0
51.52 50.0 51.52
53.03 50.0 48.48
51.52 51.52 51.52
53.03 51.52 51.52
51.52 50.0 48.48
51.52 50.0 51.52
51.52 51.52 50.0
51.52 48.48 50.0
51.52 51.52 51.52
51.52 50.0 48.48
51.52 50.0 51.52
51.52 50.0 50.0
53.03 50.0 50.0
51.52 51.52 51.52
53.03 50.0 50.0
51.52 50.0 50.0
51.52 50.0 51.52
51.52 50.0 50.0
51.52 51.52 50.0
51.52 48.48 51.52
53.03 51.52 50.0
51.52 50.0 50.0
53.03 50.0 51.52
51.52 51.52 51.52
51.52 50.0 48.48
51.52 50.0 51.52
51.52 51.52 50.0
53.03 48.48 50.0
53.03 51.52 51.52
51.52 50.0 50.0
51.52 50.0 50.0
51.52 51.52 51.52
51.52 48.48 50.0
54.55 51.52 51.52
48.48 48.48 50.0
53.03 50.0 50.0
51.52 50.0 50.0
53.03 51.52 51.52
51.52 50.0 50.0
51.52 50.0 50.0
51.52 50.0 51.52
51.52 51.52 48.48
51.52 50.0 51.52
51.52 50.0 51.52
51.52 50.0 50.0
51.52 50.0 50.0
51.52 51.52 51.52
51.52 50.0 48.48
51.52 50.0 51.52
51.52 51.52 51.52
51.52 51.52 48.48
51.52 48.48 51.52
54.55 53.03 51.52
48.48 50.0 48.48
51.52 50.0 51.52
51.52 50.0 50.0
51.52 51.52 50.0
51.52 50.0 51.52
53.03 51.52 51.52
51.52 50.0 48.48
51.52 50.0 51.52
51.52 48.48 48.48
51.52 51.52 51.52
53.03 51.52 50.0
51.52 50.0 51.52
51.52 50.0 50.0
51.52 50.0 50.0
51.52 50.0 50.0
51.52 51.52 51.52
51.52 48.48 48.48
53.03 51.52 51.52
51.52 50.0 50.0
51.52 50.0 50.0
53.03 50.0 51.52
51.52 50.0 50.0
51.52 51.52 50.0
51.52 50.0 51.52
51.52 50.0 51.52
51.52 51.52 48.48
53.03 48.48 51.52
53.03 51.52 50.0
51.52 50.0 50.0
51.52 50.0 51.52
51.52 51.52 51.52
51.52 48.48 48.48
51.52 51.52 51.52
53.03 50.0 50.0
53.03 50.0 50.0
51.52 50.0 51.52
51.52 50.0 51.52
51.52 51.52 48.48
51.52 50.0 51.52
51.52 50.0 51.52
51.52 50.0 48.48
53.03 51.52 51.52
51.52 50.0 50.0
51.52 50.0 50.0
51.52 50.0 51.52
53.03 51.52 51.52
51.52 50.0 48.48
51.52 50.0 51.52
51.52 50.0 50.0
51.52 50.0 50.0
51.52 51.52 51.52
51.52 50.0 50.0
51.52 50.0 50.0
51.52 51.52 51.52
51.52 50.0 50.0
53.03 51.52 50.0
50.0 50.0 51.52
51.52 50.0 50.0
51.52 51.52 50.0
51.52 50.0 51.52
51.52 51.52 50.0
51.52 50.0 50.0
51.52 50.0 51.52
53.03 51.52 51.52
51.52 50.0 48.48
51.52 50.0 51.52
51.52 51.52 48.48
54.55 53.03 54.55
48.48 46.97 48.48
51.52 51.52 48.48
51.52 50.0 51.52
51.52 50.0 50.0
53.03 51.52 50.0
53.03 50.0 51.52
51.52 50.0 48.48
50.0 51.52 51.52
53.03 48.48 50.0
51.52 51.52 50.0
51.52 50.0 51.52
51.52 50.0 50.0
53.03 51.52 51.52
51.52 48.48 50.0
53.03 51.52 51.52
51.52 50.0 48.48
51.52 50.0 51.52
51.52 50.0 50.0
51.52 50.0 50.0
51.52 51.52 51.52
53.03 48.48 50.0
51.52 51.52 50.0
53.03 50.0 51.52
51.52 50.0 48.48
51.52 51.52 51.52
51.52 48.48 51.52
51.52 51.52 50.0
51.52 50.0 50.0
53.03 50.0 51.52
53.03 51.52 51.52
51.52 50.0 48.48
51.52 50.0 51.52
51.52 51.52 51.52
51.52 48.48 48.48
51.52 51.52 51.52
51.52 50.0 51.52
51.52 50.0 48.48
51.52 51.52 51.52
51.52 48.48 51.52
51.52 51.52 48.48
53.03 51.52 51.52
51.52 48.48 50.0
51.52 51.52 50.0
51.52 51.52 51.52
51.52 50.0 50.0
51.52 50.0 51.52
51.52 51.52 50.0
51.52 50.0 51.52
53.03 50.0 48.48
51.52 51.52 51.52
51.52 51.52 51.52
51.52 50.0 48.48
51.52 50.0 51.52
51.52 51.52 51.52
51.52 50.0 48.48
51.52 50.0 51.52
51.52 51.52 51.52
51.52 51.52 48.48
51.52 48.48 51.52
53.03 51.52 51.52
51.52 51.52 48.48
51.52 50.0 51.52
53.03 50.0 51.52
51.52 50.0 48.48
51.52 50.0 51.52
51.52 50.0 48.48
51.52 51.52 51.52
51.52 48.48 51.52
53.03 51.52 48.48
53.03 50.0 51.52
51.52 50.0 51.52
51.52 51.52 50.0
51.52 50.0 50.0
51.52 50.0 51.52
51.52 50.0 50.0
53.03 50.0 50.0
53.03 51.52 51.52
51.52 48.48 50.0
51.52 51.52 50.0
51.52 50.0 51.52
51.52 50.0 48.48
51.52 51.52 51.52
53.03 48.48 51.52
51.52 51.52 50.0
53.03 50.0 50.0
51.52 50.0 51.52
51.52 50.0 50.0
51.52 50.0 51.52
51.52 50.0 50.0
51.52 50.0 51.52
51.52 50.0 48.48
51.52 51.52 51.52
53.03 50.0 51.52
51.52 50.0 48.48
53.03 50.0 51.52
51.52 50.0 51.52
51.52 51.52 48.48
51.52 50.0 51.52
51.52 50.0 50.0
51.52 50.0 50.0
51.52 50.0 51.52
51.52 51.52 51.52
51.52 51.52 48.48
51.52 48.48 51.52
51.52 51.52 51.52
51.52 51.52 48.48
51.52 50.0 51.52
53.03 50.0 51.52
51.52 51.52 48.48
50.0 50.0 51.52
53.03 51.52 51.52
51.52 50.0 50.0
53.03 51.52 51.52
51.52 50.0 50.0
51.52 50.0 48.48
51.52 51.52 51.52
51.52 50.0 51.52
51.52 51.52 48.48
51.52 50.0 51.52
51.52 51.52 50.0
54.55 51.52 53.03
50.0 48.48 48.48
53.03 51.52 48.48
51.52 48.48 51.52
51.52 51.52 51.52
51.52 50.0 48.48
51.52 50.0 51.52
54.55 54.55 53.03
50.0 46.97 48.48
51.52 50.0 50.0
53.03 51.52 51.52
51.52 48.48 50.0
51.52 51.52 50.0
51.52 50.0 51.52
53.03 50.0 50.0
51.52 51.52 50.0
51.52 48.48 51.52
53.03 51.52 51.52
51.52 50.0 48.48
51.52 50.0 51.52
51.52 51.52 50.0
51.52 50.0 50.0
53.03 50.0 51.52
51.52 51.52 50.0
53.03 48.48 50.0
51.52 51.52 51.52
51.52 50.0 51.52
51.52 50.0 48.48
51.52 51.52 51.52
51.52 48.48 51.52
51.52 51.52 48.48
53.03 50.0 51.52
51.52 50.0 50.0
51.52 51.52 51.52
51.52 50.0 50.0
51.52 50.0 51.52
51.52 50.0 48.48
53.03 50.0 51.52
54.55 54.55 54.55
48.48 46.97 45.45
51.52 50.0 51.52
51.52 51.52 51.52
51.52 51.52 51.52
51.52 48.48 48.48
51.52 51.52 51.52
51.52 50.0 48.48
51.52 51.52 51.52
51.52 50.0 51.52
51.52 51.52 48.48
51.52 50.0 51.52
51.52 50.0 51.52
51.52 51.52 48.48
53.03 50.0 51.52
51.52 50.0 51.52
51.52 51.52 50.0
53.03 51.52 50.0
51.52 50.0 50.0
51.52 50.0 50.0
51.52 51.52 51.52
51.52 50.0 51.52
51.52 50.0 48.48
51.52 51.52 51.52
53.03 50.0 50.0
51.52 50.0 50.0
53.03 51.52 51.52
51.52 48.48 48.48
51.52 51.52 51.52
53.03 51.52 51.52
51.52 48.48 48.48
53.03 51.52 53.03
51.52 50.0 50.0
51.52 50.0 48.48
51.52 51.52 51.52
51.52 48.48 51.52
53.03 51.52 51.52
50.0 50.0 48.48
53.03 50.0 51.52
53.03 51.52 48.48
51.52 48.48 51.52
51.52 51.52 51.52
51.52 50.0 48.48
51.52 50.0 51.52
51.52 50.0 51.52
53.03 50.0 50.0
51.52 51.52 50.0
51.52 48.48 51.52
51.52 51.52 51.52
51.52 50.0 48.48
51.52 50.0 51.52
51.52 51.52 50.0
51.52 48.48 51.52
51.52 51.52 50.0
51.52 51.52 51.52
51.52 48.48 48.48
51.52 50.0 51.52
53.03 50.0 51.52
51.52 51.52 48.48
51.52 51.52 51.52
51.52 48.48 50.0
51.52 51.52 51.52
53.03 50.0 50.0
51.52 50.0 51.52
51.52 51.52 48.48
51.52 50.0 51.52
51.52 50.0 51.52
51.52 51.52 50.0
51.52 50.0 50.0
51.52 50.0 51.52
51.52 51.52 50.0
51.52 50.0 50.0
51.52 50.0 51.52
51.52 51.52 50.0
53.03 51.52 50.0
53.03 50.0 51.52
51.52 50.0 50.0
51.52 51.52 50.0
51.52 50.0 51.52
51.52 51.52 50.0
51.52 50.0 50.0
51.52 50.0 50.0
51.52 51.52 50.0
53.03 50.0 51.52
53.03 50.0 48.48
51.52 50.0 51.52
51.52 51.52 51.52
51.52 50.0 48.48
51.52 50.0 51.52
51.52 50.0 51.52
53.03 50.0 50.0
53.03 51.52 50.0
51.52 48.48 51.52
51.52 51.52 50.0
51.52 51.52 51.52
51.52 48.48 50.0
51.52 51.52 48.48
56.06 51.52 54.55
48.48 48.48 48.48
53.03 50.0 48.48
51.52 50.0 51.52
51.52 51.52 51.52
51.52 48.48 50.0
51.52 51.52 50.0
53.03 51.52 51.52
51.52 48.48 50.0
51.52 51.52 50.0
51.52 48.48 51.52
53.03 51.52 51.52
51.52 50.0 48.48
51.52 50.0 51.52
51.52 51.52 51.52
51.52 50.0 48.48
51.52 50.0 51.52
51.52 51.52 51.52
51.52 50.0 48.48
51.52 50.0 51.52
51.52 50.0 50.0
51.52 50.0 51.52
51.52 51.52 50.0
51.52 50.0 51.52
51.52 50.0 48.48
51.52 51.52 51.52
53.03 50.0 51.52
51.52 50.0 48.48
51.52 51.52 51.52
51.52 50.0 51.52
51.52 50.0 50.0
51.52 51.52 50.0
53.03 51.52 51.52
51.52 48.48 50.0
51.52 51.52 50.0
51.52 51.52 51.52
51.52 50.0 48.48
51.52 50.0 51.52
51.52 51.52 51.52
51.52 50.0 50.0
53.03 50.0 50.0
53.03 51.52 51.52
51.52 50.0 48.48
51.52 50.0 51.52
51.52 51.52 50.0
51.52 50.0 50.0
51.52 50.0 51.52
51.52 51.52 50.0
53.03 50.0 50.0
53.03 50.0 51.52
51.52 51.52 50.0
51.52 50.0 50.0
51.52 50.0 51.52
51.52 50.0 50.0
53.03 50.0 50.0
51.52 51.52 51.52
51.52 48.48 50.0
51.52 51.52 51.52
51.52 50.0 50.0
51.52 50.0 50.0
51.52 51.52 21.21
51.52 48.48 -62.12
53.03 51.52 -90.91
51.52 48.48 -100.0
51.52 51.52 -103.03
51.52 50.0 -103.03
53.03 50.0 -103.03
51.52 51.52 -103.03
51.52 48.48 -103.03
51.52 51.52 -104.55
51.52 50.0 -104.55
51.52 50.0 -101.52
51.52 50.0 -104.55
51.52 50.0 -103.03
51.52 51.52 -103.03
51.52 50.0 -103.03
51.52 50.0 -104.55
53.03 50.0 -104.55
51.52 50.0 -103.03
51.52 51.52 -103.03
53.03 50.0 -103.03
51.52 50.0 -103.03
51.52 51.52 -106.06
51.52 36.36 -101.52
51.52 -50.0 -101.52
51.52 -87.88 -103.03
51.52 -98.48 -103.03
51.52 -101.52 -104.55
51.52 -103.03 -103.03
51.52 -104.55 -104.55
51.52 -103.03 -103.03
51.52 -103.03 -103.03
53.03 -104.55 -103.03
51.52 -104.55 -103.03
51.52 -104.55 -103.03
53.03 -104.55 -104.55
51.52 -103.03 -104.55
51.52 -104.55 -103.03
51.52 -104.55 -103.03
53.03 -103.03 -103.03
40.91 -106.06 -104.55
-40.91 -103.03 -103.03
-83.33 -103.03 -103.03
-96.97 -103.03 -104.55
-103.03 -104.55 -103.03
-106.06 -103.03 -103.03
-104.55 -104.55 -103.03
-107.58 -106.06 -106.06
-103.03 -101.52 -103.03
-106.06 -103.03 -101.52
-106.06 -104.55 -104.55
-106.06 -103.03 -103.03
-106.06 -103.03 -103.03
-106.06 -104.55 -103.03
-106.06 -104.55 -103.03
-106.06 -103.03 -103.03
-106.06 -103.03 -104.55
-106.06 -104.55 -103.03
-106.06 -104.55 -104.55
-106.06 -103.03 -103.03
-106.06 -104.55 -103.03
-106.06 -104.55 -103.03
-106.06 -103.03 -103.03
-106.06 -106.06 -104.55
-104.55 -103.03 -104.55
-106.06 -103.03 -103.03
-104.55 -106.06 -103.03
-106.06 -103.03 -103.03
-112.12 -110.61 -112.12
-100.0 -98.48 -96.97
-106.06 -103.03 -103.03
-106.06 -104.55 -103.03
-106.06 -104.55 -106.06
-106.06 -103.03 -100.0
-104.55 -103.03 -106.06
-106.06 -104.55 -103.03
-106.06 -104.55 -103.03
-106.06 -103.03 -103.03
-106.06 -103.03 -103.03
-106.06 -104.55 -103.03
-106.06 -104.55 -103.03
-106.06 -103.03 -104.55
-106.06 -103.03 -103.03
-104.55 -103.03 -104.55
-107.58 -104.55 -103.03
-104.55 -104.55 -103.03
-106.06 -103.03 -103.03
-106.06 -104.55 -103.03
-106.06 -104.55 -103.03
-106.06 -104.55 -104.55
-106.06 -104.55 -103.03
-106.06 -103.03 -104.55
-106.06 -103.03 -103.03
-106.06 -104.55 -103.03
-106.06 -104.55 -104.55
-106.06 -104.55 -107.58
-104.55 -104.55 -100.0
-107.58 -104.55 -103.03
-104.55 -103.03 -103.03
-112.12 -110.61 -109.09
-98.48 -96.97 -96.97
-106.06 -104.55 -104.55
-106.06 -103.03 -104.55
-106.06 -104.55 -103.03
-106.06 -103.03 -103.03
-106.06 -104.55 -103.03
-106.06 -103.03 -103.03
-106.06 -104.55 -103.03
-106.06 -103.03 -103.03
-106.06 -104.55 -104.55
-106.06 -104.55 -104.55
-106.06 -103.03 -101.52
-106.06 -103.03 -103.03
-106.06 -103.03 -101.52
-106.06 -106.06 -103.03
-106.06 -103.03 -103.03
-106.06 -104.55 -103.03
-106.06 -104.55 -103.03
-106.06 -103.03 -103.03
-106.06 -104.55 -104.55
-106.06 -104.55 -104.55
-106.06 -103.03 -103.03
-106.06 -106.06 -104.55
-104.55 -103.03 -101.52
-104.55 -103.03 -103.03
-107.58 -104.55 -104.55
-104.55 -104.55 -104.55
-106.06 -103.03 -103.03
-106.06 -104.55 -103.03
-106.06 -104.55 -103.03
-106.06 -103.03 -106.06
-106.06 -104.55 -103.03
-106.06 -104.55 -103.03
-106.06 -103.03 -103.03
-106.06 -103.03 -103.03
-106.06 -106.06 -103.03
-106.06 -103.03 -103.03
-106.06 -103.03 -104.55
-106.06 -103.03 -103.03
-106.06 -104.55 -104.55
-109.09 -106.06 -103.03
-103.03 -101.52 -103.03
-106.06 -104.55 -103.03
-106.06 -104.55 -103.03
-106.06 -103.03 -103.03
-106.06 -104.55 -104.55
-106.06 -104.55 -104.55
-107.58 -106.06 -103.03
-104.55 -101.52 -103.03
-106.06 -104.55 -103.03
-106.06 -104.55 -103.03
-106.06 -104.55 -104.55
-106.06 -103.03 -104.55
-106.06 -104.55 -103.03
-106.06 -104.55 -103.03
-106.06 -104.55 -103.03
-106.06 -104.55 -104.55
-104.55 -103.03 -104.55
-106.06 -104.55 -103.03
-106.06 -103.03 -103.03
-106.06 -103.03 -103.03
-106.06 -104.55 -104.55
-106.06 -104.55 -103.03
-106.06 -103.03 -104.55
-106.06 -104.55 -103.03
-107.58 -104.55 -103.03
-104.55 -103.03 -103.03
-107.58 -103.03 -103.03
-106.06 -104.55 -103.03
-104.55 -104.55 -103.03
-106.06 -103.03 -104.55
-106.06 -104.55 -104.55
-107.58 -104.55 -103.03
-103.03 -103.03 -103.03
-107.58 -104.55 -103.03
-104.55 -104.55 -103.03
-107.58 -106.06 -104.55
-104.55 -103.03 -103.03
-106.06 -104.55 -104.55
-106.06 -103.03 -103.03
-106.06 -104.55 -103.03
-106.06 -104.55 -104.55
-106.06 -104.55 -104.55
-106.06 -103.03 -103.03
-106.06 -106.06 -103.03
-106.06 -103.03 -103.03
-106.06 -104.55 -104.55
-106.06 -104.55 -103.03
-106.06 -103.03 -104.55
-106.06 -104.55 -103.03
-106.06 -104.55 -103.03
-106.06 -103.03 -103.03
-106.06 -103.03 -104.55
-106.06 -104.55 -103.03
-106.06 -104.55 -103.03
-106.06 -103.03 -103.03
-112.12 -110.61 -110.61
-100.0 -98.48 -98.48
-104.55 -103.03 -101.52
-106.06 -103.03 -103.03
-106.06 -104.55 -103.03
-106.06 -104.55 -103.03
-106.06 -104.55 -106.06
-104.55 -104.55 -103.03
-106.06 -103.03 -103.03
-106.06 -104.55 -103.03
-106.06 -104.55 -103.03
-106.06 -104.55 -104.55
-104.55 -104.55 -104.55
-106.06 -103.03 -103.03
-106.06 -104.55 -103.03
-106.06 -104.55 -103.03
-106.06 -104.55 -106.06
-106.06 -104.55 -103.03
-106.06 -103.03 -103.03
-106.06 -104.55 -103.03
-106.06 -104.55 -104.55
-106.06 -103.03 -104.55
-106.06 -103.03 -103.03
-106.06 -106.06 -103.03
-106.06 -103.03 -103.03
-106.06 -104.55 -104.55
-109.09 -107.58 -107.58
-103.03 -100.0 -100.0
-106.06 -103.03 -103.03
-106.06 -104.55 -103.03
-106.06 -104.55 -103.03
-112.12 -112.12 -112.12
-100.0 -95.45 -95.45
-106.06 -104.55 -104.55
-106.06 -103.03 -103.03
-106.06 -104.55 -103.03
-106.06 -104.55 -103.03
-106.06 -104.55 -103.03
-104.55 -104.55 -103.03
-106.06 -103.03 -104.55
-104.55 -104.55 -104.55
-109.09 -107.58 -104.55
-103.03 -101.52 -101.52
-106.06 -104.55 -103.03
-106.06 -104.55 -104.55
-106.06 -104.55 -104.55
-106.06 -103.03 -103.03
-106.06 -104.55 -103.03
-106.06 -104.55 -104.55
-106.06 -103.03 -103.03
-106.06 -104.55 -104.55
-107.58 -104.55 -104.55
-104.55 -103.03 -101.52
-106.06 -104.55 -103.03
-106.06 -104.55 -104.55
-106.06 -103.03 -104.55
-106.06 -103.03 -103.03
-106.06 -106.06 -103.03
-106.06 -103.03 -103.03
-106.06 -103.03 -103.03
-106.06 -104.55 -103.03
-106.06 -103.03 -103.03
-106.06 -104.55 -104.55
-106.06 -103.03 -103.03
-106.06 -104.55 -103.03
-106.06 -104.55 -103.03
-106.06 -104.55 -104.55
-106.06 -104.55 -104.55
-106.06 -104.55 -103.03
-106.06 -103.03 -103.03
-106.06 -104.55 -103.03
-106.06 -104.55 -104.55
-109.09 -107.58 -107.58
-103.03 -101.52 -100.0
-106.06 -104.55 -103.03
-106.06 -104.55 -103.03
-106.06 -104.55 -106.06
-106.06 -103.03 -103.03
-106.06 -104.55 -103.03
-106.06 -103.03 -103.03
-106.06 -104.55 -103.03
-106.06 -104.55 -106.06
-106.06 -103.03 -103.03
-106.06 -104.55 -103.03
-106.06 -104.55 -103.03
-106.06 -103.03 -103.03
-106.06 -103.03 -104.55
-106.06 -106.06 -104.55
-106.06 -103.03 -103.03
-106.06 -103.03 -103.03
-106.06 -104.55 -103.03
-106.06 -104.55 -103.03
-106.06 -103.03 -104.55
-106.06 -106.06 -104.55
-106.06 -103.03 -103.03
-106.06 -104.55 -103.03
-106.06 -104.55 -103.03
-106.06 -104.55 -104.55
-106.06 -104.55 -104.55
-106.06 -103.03 -103.03
-106.06 -106.06 -103.03
-109.09 -106.06 -106.06
-103.03 -101.52 -103.03
-106.06 -103.03 -103.03
-106.06 -104.55 -103.03
-106.06 -104.55 -103.03
-106.06 -103.03 -104.55
-106.06 -104.55 -104.55
-106.06 -104.55 -103.03
-106.06 -103.03 -103.03
-106.06 -104.55 -104.55
-106.06 -104.55 -104.55
-106.06 -103.03 -103.03
-106.06 -104.55 -103.03
-106.06 -103.03 -103.03
-106.06 -103.03 -103.03
-106.06 -104.55 -103.03
-106.06 -104.55 -104.55
-106.06 -103.03 -104.55
-106.06 -106.06 -103.03
-106.06 -103.03 -103.03
-106.06 -106.06 -104.55
-106.06 -103.03 -103.03
-106.06 -104.55 -103.03
-106.06 -104.55 -104.55
-106.06 -103.03 -103.03
-107.58 -106.06 -104.55
-104.55 -103.03 -101.52
-106.06 -104.55 -104.55
-106.06 -104.55 -104.55
-106.06 -104.55 -103.03
-106.06 -104.55 -103.03
-106.06 -103.03 -104.55
-106.06 -106.06 -104.55
-106.06 -103.03 -103.03
-106.06 -104.55 -103.03
-106.06 -103.03 -103.03
-106.06 -104.55 -104.55
-106.06 -104.55 -104.55
-107.58 -104.55 -103.03
-106.06 -103.03 -103.03
-106.06 -104.55 -103.03
-106.06 -104.55 -104.55
-104.55 -103.03 -103.03
-109.09 -104.55 -104.55
-103.03 -103.03 -103.03
-106.06 -104.55 -103.03
-107.58 -103.03 -103.03
-104.55 -104.55 -103.03
-107.58 -104.55 -104.55
-104.55 -103.03 -104.55
-109.09 -106.06 -104.55
-103.03 -103.03 -101.52
-106.06 -106.06 -103.03
-106.06 -103.03 -104.55
-106.06 -104.55 -104.55
-106.06 -104.55 -103.03
-106.06 -104.55 -103.03
-106.06 -104.55 -103.03
-106.06 -104.55 -104.55
-106.06 -104.55 -104.55
-106.06 -103.03 -103.03
-106.06 -104.55 -103.03
-106.06 -104.55 -103.03
-107.58 -103.03 -104.55
-106.06 -104.55 -104.55
-104.55 -104.55 -103.03
-106.06 -103.03 -103.03
-106.06 -104.55 -103.03
-109.09 -107.58 -107.58
-103.03 -100.0 -101.52
-106.06 -104.55 -103.03
-106.06 -103.03 -103.03
-106.06 -104.55 -103.03
-106.06 -103.03 -103.03
-106.06 -104.55 -103.03
-107.58 -106.06 -106.06
-104.55 -101.52 -101.52
-106.06 -104.55 -104.55
-106.06 -104.55 -103.03
-106.06 -104.55 -103.03
-106.06 -104.55 -103.03
-106.06 -103.03 -104.55
-106.06 -104.55 -104.55
-106.06 -103.03 -103.03
-106.06 -104.55 -103.03
-106.06 -104.55 -104.55
-106.06 -103.03 -104.55
-106.06 -106.06 -103.03
-106.06 -103.03 -103.03
-106.06 -104.55 -104.55
-106.06 -103.03 -103.03
-106.06 -104.55 -104.55
-106.06 -104.55 -103.03
-106.06 -103.03 -103.03
-106.06 -103.03 -106.06
-106.06 -104.55 -103.03
-106.06 -104.55 -103.03
-107.58 -103.03 -103.03
-106.06 -103.03 -103.03
-109.09 -107.58 -109.09
-104.55 -101.52 -100.0
-103.03 -103.03 -103.03
-107.58 -104.55 -103.03
-107.58 -104.55 -104.55
-104.55 -103.03 -103.03
-107.58 -104.55 -103.03
-104.55 -104.55 -104.55
-106.06 -103.03 -103.03
-106.06 -104.55 -103.03
-106.06 -104.55 -103.03
-107.58 -104.55 -104.55
-104.55 -104.55 -104.55
-106.06 -103.03 -103.03
-107.58 -104.55 -103.03
-106.06 -104.55 -103.03
-106.06 -104.55 -104.55
-106.06 -104.55 -104.55
-106.06 -103.03 -103.03
-106.06 -104.55 -103.03
-106.06 -104.55 -104.55
-106.06 -104.55 -104.55
-106.06 -103.03 -103.03
-106.06 -104.55 -103.03
-106.06 -104.55 -104.55
-106.06 -103.03 -103.03
-109.09 -106.06 -104.55
-103.03 -101.52 -103.03
-106.06 -103.03 -103.03
-106.06 -104.55 -103.03
-107.58 -104.55 -103.03
-104.55 -104.55 -104.55
-106.06 -103.03 -103.03
-106.06 -104.55 -103.03
-107.58 -104.55 -103.03
-104.55 -103.03 -103.03
-106.06 -104.55 -104.55
-106.06 -104.55 -104.55
-106.06 -104.55 -103.03
-106.06 -103.03 -103.03
-106.06 -104.55 -103.03
-106.06 -104.55 -104.55
-106.06 -104.55 -103.03
-106.06 -104.55 -104.55
-104.55 -103.03 -103.03
-107.58 -106.06 -103.03
-106.06 -103.03 -106.06
-106.06 -106.06 -103.03
-106.06 -103.03 -103.03
-106.06 -103.03 -103.03
-106.06 -104.55 -104.55
-109.09 -106.06 -104.55
-103.03 -101.52 -103.03
-106.06 -104.55 -103.03
-107.58 -104.55 -103.03
-106.06 -103.03 -104.55
-104.55 -104.55 -104.55
-107.58 -104.55 -103.03
-106.06 -103.03 -103.03
-106.06 -103.03 -103.03
-107.58 -106.06 -103.03
-106.06 -103.03 -104.55
-106.06 -103.03 -104.55
-106.06 -104.55 -103.03
-104.55 -103.03 -103.03
-107.58 -104.55 -103.03
-104.55 -104.55 -103.03
-107.58 -104.55 -104.55
-104.55 -104.55 -104.55
-106.06 -103.03 -103.03
-107.58 -104.55 -103.03
-106.06 -104.55 -103.03
-106.06 -106.06 -106.06
-106.06 -103.03 -103.03
-110.61 -109.09 -107.58
-101.52 -98.48 -34.85
-106.06 -106.06 63.64
-104.55 -101.52 87.88
-106.06 -104.55 95.45
-107.58 -104.55 98.48
-106.06 -103.03 100.0
-106.06 -104.55 101.52
-106.06 -104.55 101.52
-106.06 -103.03 100.0
-106.06 -104.55 100.0
-106.06 -103.03 100.0
-106.06 -104.55 101.52
-106.06 -103.03 101.52
-106.06 -104.55 100.0
-106.06 -103.03 100.0
-106.06 -104.55 100.0
-106.06 -104.55 101.52
-106.06 -104.55 101.52
-106.06 -103.03 100.0
-106.06 -104.55 100.0
-106.06 -104.55 100.0
-106.06 -104.55 101.52
-106.06 -104.55 101.52
-107.58 -104.55 100.0
-106.06 -104.55 100.0
-107.58 -106.06 103.03
-106.06 -33.33 100.0
-103.03 60.61 98.48
-106.06 87.88 101.52
-106.06 95.45 100.0
-106.06 98.48 100.0
-107.58 100.0 100.0
-106.06 100.0 100.0
-107.58 100.0 100.0
-106.06 100.0 101.52
-106.06 103.03 101.52
-106.06 98.48 100.0
-106.06 100.0 100.0
-106.06 100.0 101.52
-106.06 101.52 100.0
-106.06 100.0 101.52
-106.06 100.0 100.0
-106.06 100.0 100.0
-106.06 100.0 100.0
-106.06 101.52 103.03
-106.06 100.0 100.0
-106.06 101.52 100.0
-106.06 100.0 100.0
-109.09 101.52 103.03
-71.21 100.0 100.0
37.88 98.48 100.0
81.82 103.03 100.0
93.94 98.48 100.0
103.03 101.52 103.03
100.0 98.48 98.48
103.03 100.0 101.52
103.03 100.0 100.0
103.03 101.52 100.0
103.03 100.0 101.52
103.03 100.0 101.52
103.03 100.0 100.0
103.03 100.0 100.0
103.03 100.0 100.0
103.03 100.0 100.0
103.03 100.0 101.52
103.03 100.0 101.52
103.03 100.0 100.0
101.52 100.0 100.0
103.03 100.0 101.52
103.03 100.0 101.52
101.52 101.52 100.0
104.55 100.0 100.0
101.52 100.0 100.0
104.55 100.0 101.52
103.03 100.0 101.52
103.03 101.52 100.0
103.03 101.52 101.52
103.03 100.0 100.0
103.03 100.0 100.0
103.03 100.0 101.52
103.03 100.0 100.0
103.03 101.52 100.0
103.03 100.0 101.52
103.03 100.0 101.52
103.03 101.52 100.0
100.0 100.0 100.0
103.03 100.0 100.0
103.03 100.0 103.03
104.55 100.0 100.0
104.55 101.52 101.52
103.03 98.48 98.48
103.03 100.0 101.52
103.03 100.0 100.0
103.03 100.0 101.52
101.52 101.52 100.0
103.03 100.0 100.0
103.03 100.0 101.52
104.55 100.0 101.52
101.52 101.52 100.0
104.55 100.0 100.0
103.03 100.0 101.52
103.03 101.52 101.52
103.03 98.48 100.0
103.03 101.52 100.0
103.03 101.52 101.52
103.03 100.0 101.52
103.03 100.0 100.0
103.03 100.0 100.0
103.03 100.0 100.0
103.03 101.52 101.52
103.03 100.0 101.52
103.03 100.0 100.0
104.55 100.0 100.0
103.03 100.0 101.52
104.55 100.0 101.52
103.03 101.52 100.0
103.03 100.0 100.0
103.03 100.0 100.0
103.03 101.52 103.03
103.03 98.48 100.0
103.03 101.52 100.0
103.03 100.0 100.0
103.03 100.0 100.0
103.03 100.0 101.52
103.03 100.0 101.52
103.03 101.52 100.0
106.06 101.52 103.03
100.0 98.48 98.48
103.03 101.52 101.52
103.03 100.0 100.0
103.03 100.0 100.0
104.55 100.0 103.03
103.03 100.0 100.0
103.03 100.0 100.0
103.03 101.52 100.0
104.55 101.52 101.52
101.52 100.0 101.52
104.55 100.0 100.0
103.03 100.0 100.0
103.03 101.52 100.0
103.03 101.52 101.52
103.03 100.0 101.52
103.03 100.0 100.0
103.03 100.0 100.0
103.03 100.0 101.52
104.55 100.0 101.52
104.55 103.03 101.52
103.03 96.97 98.48
103.03 101.52 100.0
103.03 100.0 100.0
106.06 103.03 104.55
101.52 98.48 98.48
101.52 100.0 100.0
103.03 100.0 100.0
103.03 100.0 101.52
103.03 100.0 101.52
103.03 101.52 100.0
103.03 100.0 100.0
103.03 101.52 101.52
103.03 100.0 101.52
103.03 100.0 100.0
103.03 100.0 100.0
103.03 101.52 100.0
104.55 100.0 103.03
103.03 101.52 100.0
103.03 100.0 100.0
104.55 100.0 100.0
101.52 101.52 101.52
104.55 100.0 100.0
103.03 101.52 101.52
103.03 100.0 100.0
103.03 100.0 100.0
103.03 100.0 101.52
103.03 100.0 101.52
104.55 101.52 100.0
101.52 100.0 100.0
